188 0.07405153 12
191 0.07379592 13
192 0.07362558 11
189 0.07360928 11
190 0.07353913 10
187 0.07353913 10
193 0.07272685 11
194 0.07263941 10
186 0.07205338 9
185 0.07205338 9
195 0.07194224 9
196 0.07192409 9
180 0.07184942 10
179 0.07167857 9
181 0.07149773 10
184 0.07127008 7
183 0.07127008 7
182 0.07127008 7
197 0.07126042 8
198 0.07113531 7
201 0.07092915 9
177 0.07091268 10
200 0.07080610 8
176 0.07070842 8
178 0.07064019 7
169 0.07052271 9
173 0.07052240 9
167 0.07048923 8
170 0.07043538 8
165 0.07041904 7
168 0.07036932 7
171 0.07036819 7
199 0.07036819 7
166 0.07030113 6
172 0.07030113 6
174 0.07030113 6
175 0.07030113 6
202 0.06260683 6
203 0.06260683 6
204 0.06260683 6
206 0.06229977 6
205 0.06222220 5
256 0.06107669 6
263 0.06084621 8
257 0.06082331 12
261 0.06058528 8
259 0.06052760 7
262 0.06051029 7
260 0.06045105 6
258 0.06045105 6
231 0.06032529 11
264 0.06018108 7
269 0.06017963 7
271 0.06010538 6
267 0.06010408 6
255 0.06010408 6
237 0.06007583 9
270 0.06004680 5
266 0.06004680 5
265 0.06004680 5
268 0.06004680 5
230 0.06003020 7
238 0.06002754 7
229 0.06001764 8
235 0.05997845 7
241 0.05997772 7
236 0.05996042 7
233 0.05996028 7
239 0.05995957 7
240 0.05990243 6
232 0.05990243 6
242 0.05990243 6
245 0.05990243 6
244 0.05990243 6
234 0.05990243 6
243 0.05990243 6
227 0.05962400 8
226 0.05956641 7
252 0.05944760 9
251 0.05911291 7
249 0.05904786 7
222 0.05898089 9
253 0.05894685 6
228 0.05892931 6
223 0.05888492 7
250 0.05887254 5
247 0.05887254 5
248 0.05887254 5
246 0.05887254 5
220 0.05881227 6
221 0.05881227 6
218 0.05881227 6
225 0.05881227 6
224 0.05881227 6
217 0.05881227 6
219 0.05881227 6
214 0.05872773 8
212 0.05858775 7
216 0.05856886 7
213 0.05856821 7
215 0.05851234 6
211 0.05817517 5
146 0.05809929 8
145 0.05808186 8
159 0.05807440 7
136 0.05804072 7
143 0.05802996 7
137 0.05802671 7
150 0.05802420 7
161 0.05802304 7
153 0.05802298 7
149 0.05801028 7
164 0.05800737 7
141 0.05800673 7
139 0.05799717 6
151 0.05799424 6
152 0.05796941 6
157 0.05796790 6
130 0.05795247 6
154 0.05795219 6
134 0.05795202 6
140 0.05795197 6
127 0.05795134 6
155 0.05795134 6
147 0.05795134 6
144 0.05795134 6
128 0.05795134 6
148 0.05789612 5
138 0.05789612 5
156 0.05789612 5
131 0.05789612 5
132 0.05789612 5
142 0.05789612 5
133 0.05789612 5
160 0.05789612 5
158 0.05789612 5
135 0.05789612 5
163 0.05789612 5
162 0.05789612 5
129 0.05789612 5
207 0.05733951 5
66 0.05731192 11
209 0.05728127 4
210 0.05728127 4
208 0.05728127 4
254 0.05728127 4
65 0.05644036 11
67 0.05627517 8
105 0.05626084 8
100 0.05625340 8
104 0.05618820 7
103 0.05618738 7
101 0.05613318 6
102 0.05613318 6
106 0.05613318 6
73 0.05600748 8
70 0.05598857 8
71 0.05593517 7
69 0.05593517 7
63 0.05591157 10
72 0.05588186 6
74 0.05588186 6
68 0.05588186 6
62 0.05578870 7
64 0.05577472 8
92 0.05573494 8
78 0.05563236 8
80 0.05563082 10
95 0.05557577 6
93 0.05557577 6
94 0.05557577 6
76 0.05555868 8
77 0.05554683 8
87 0.05552505 8
88 0.05548185 7
89 0.05546718 6
84 0.05546707 6
81 0.05545591 6
98 0.05545554 6
91 0.05545372 7
79 0.05545308 7
82 0.05545242 7
85 0.05541767 6
86 0.05541730 6
97 0.05541720 6
96 0.05541603 6
90 0.05539952 6
75 0.05539952 6
99 0.05539952 6
83 0.05534673 5
109 0.05396950 8
113 0.05384623 7
108 0.05379375 6
114 0.05379351 6
110 0.05374163 5
111 0.05374163 5
112 0.05374163 5
107 0.05374163 5
61 0.05331035 9
125 0.05317950 7
119 0.05311238 6
122 0.05309411 6
117 0.05307334 5
121 0.05302347 5
126 0.05302347 5
116 0.05300682 5
120 0.05300660 5
123 0.05295519 4
118 0.05295519 4
115 0.05295519 4
124 0.05295519 4
275 0.04821228 9
286 0.04813066 6
285 0.04812936 6
274 0.04811775 5
305 0.04808793 6
287 0.04808350 5
289 0.04807481 6
303 0.04805650 6
288 0.04805640 6
278 0.04804700 5
273 0.04803948 6
279 0.04803750 6
292 0.04800989 5
309 0.04799236 5
302 0.04799233 5
294 0.04799168 5
277 0.04799168 5
284 0.04799168 5
300 0.04799168 5
297 0.04799168 5
308 0.04799168 5
299 0.04799168 5
283 0.04794594 4
281 0.04794594 4
307 0.04794594 4
272 0.04794594 4
280 0.04794594 4
306 0.04794594 4
282 0.04794594 4
301 0.04794594 4
298 0.04794594 4
295 0.04794594 4
293 0.04794594 4
310 0.04794594 4
290 0.04794594 4
276 0.04794594 4
296 0.04794594 4
304 0.04794594 4
291 0.04794594 4
314 0.04573980 6
321 0.04572193 6
338 0.04570176 6
334 0.04567847 6
320 0.04567678 5
313 0.04566025 5
340 0.04565378 5
336 0.04565232 5
339 0.04563602 5
335 0.04563490 5
319 0.04561674 4
317 0.04561674 4
318 0.04561674 4
316 0.04561674 4
312 0.04561674 4
315 0.04561674 4
332 0.04559141 4
337 0.04559141 4
333 0.04559141 4
346 0.04532307 5
345 0.04530650 5
323 0.04529390 4
324 0.04528559 5
329 0.04528525 5
347 0.04524118 4
342 0.04522463 4
350 0.04522463 4
326 0.04522444 4
343 0.04522351 4
348 0.04522351 4
311 0.04522351 4
331 0.04522351 4
344 0.04518041 3
322 0.04518041 3
349 0.04518041 3
341 0.04518041 3
325 0.04518041 3
328 0.04518041 3
327 0.04518041 3
330 0.04518041 3
60 0.04497438 4
56 0.03320545 8
55 0.03307463 5
58 0.03301741 6
59 0.03287762 5
57 0.03282478 3
362 0.03022001 5
359 0.03021995 5
360 0.03020291 5
358 0.03020178 5
361 0.03020025 5
368 0.03017297 4
364 0.03012464 3
357 0.03012464 3
366 0.03012464 3
354 0.03012464 3
372 0.03012464 3
355 0.03012464 3
365 0.03012464 3
371 0.03012464 3
353 0.03012464 3
369 0.03012464 3
363 0.03012464 3
367 0.03012464 3
356 0.03012464 3
370 0.03012464 3
352 0.02945438 3
351 0.02943478 3
20 0.02439069 25
29 0.02054679 92
25 0.01979801 36
28 0.01909632 29
24 0.01902762 34
27 0.01894273 38
26 0.01863011 32
23 0.01853021 29
22 0.01835430 20
31 0.01826880 10
21 0.01826196 22
32 0.01787806 13
30 0.01753630 7
33 0.01735786 6
51 0.01732592 5
34 0.01730599 7
49 0.01730295 4
47 0.01730138 4
50 0.01726390 4
54 0.01724997 3
52 0.01724822 4
53 0.01723108 3
48 0.01723108 3
43 0.01714053 5
42 0.01709195 3
36 0.01708816 2
45 0.01708508 3
38 0.01707327 2
40 0.01706957 4
46 0.01705205 4
35 0.01703418 3
41 0.01701860 2
44 0.01701793 2
37 0.01701793 2
39 0.01700171 1
373 0.01313545 3
379 0.01313545 3
375 0.01313545 3
410 0.01313545 3
374 0.01312293 2
376 0.01312293 2
377 0.01312293 2
380 0.01312293 2
381 0.01312293 2
378 0.01312293 2
433 0.01280535 4
440 0.01279296 4
431 0.01277710 3
445 0.01277710 3
422 0.01275907 3
423 0.01275821 3
439 0.01275817 3
437 0.01275750 3
429 0.01275750 3
420 0.01275750 3
421 0.01274534 2
438 0.01274534 2
428 0.01274534 2
430 0.01274534 2
435 0.01274534 2
419 0.01274534 2
444 0.01274534 2
432 0.01274534 2
434 0.01274534 2
436 0.01274534 2
441 0.01274534 2
424 0.01274534 2
426 0.01274534 2
427 0.01274534 2
446 0.01274534 2
442 0.01274534 2
425 0.01274534 2
443 0.01274534 2
405 0.01268031 5
406 0.01264979 4
404 0.01263708 3
402 0.01263708 3
403 0.01263708 3
494 0.01263427 5
495 0.01257787 3
489 0.01256588 2
493 0.01256588 2
491 0.01256588 2
490 0.01256588 2
492 0.01256588 2
497 0.01256588 2
496 0.01256588 2
400 0.01256555 3
401 0.01256555 3
398 0.01255357 2
408 0.01255357 2
407 0.01255357 2
397 0.01255357 2
399 0.01255357 2
415 0.01248209 3
449 0.01248168 3
499 0.01247051 2
389 0.01246601 3
451 0.01245248 5
387 0.01244747 3
517 0.01244615 3
501 0.01243645 2
453 0.01243645 2
460 0.01243645 2
485 0.01243573 2
457 0.01243506 2
513 0.01243506 2
480 0.01243500 2
448 0.01243500 2
464 0.01243500 2
458 0.01243492 2
508 0.01243462 2
411 0.01243452 2
388 0.01243390 2
463 0.01242963 3
487 0.01242892 2
504 0.01242870 3
383 0.01242045 2
479 0.01241837 2
455 0.01241798 2
392 0.01241798 2
391 0.01241754 2
471 0.01241753 2
465 0.01241747 2
473 0.01241685 2
509 0.01241685 2
477 0.01241685 2
510 0.01241685 2
481 0.01241685 2
515 0.01241685 2
478 0.01240502 1
511 0.01240502 1
418 0.01240502 1
486 0.01240502 1
452 0.01240502 1
390 0.01240502 1
385 0.01240502 1
409 0.01240502 1
507 0.01240502 1
472 0.01240502 1
417 0.01240502 1
498 0.01240502 1
393 0.01240502 1
469 0.01240502 1
500 0.01240502 1
519 0.01240502 1
456 0.01240502 1
483 0.01240502 1
462 0.01240502 1
382 0.01240502 1
386 0.01240502 1
396 0.01240502 1
459 0.01240502 1
482 0.01240502 1
413 0.01240502 1
476 0.01240502 1
505 0.01240502 1
488 0.01240502 1
461 0.01240502 1
484 0.01240502 1
514 0.01240502 1
468 0.01240502 1
475 0.01240502 1
412 0.01240502 1
394 0.01240502 1
474 0.01240502 1
512 0.01240502 1
470 0.01240502 1
503 0.01240502 1
447 0.01240502 1
518 0.01240502 1
384 0.01240502 1
467 0.01240502 1
506 0.01240502 1
502 0.01240502 1
466 0.01240502 1
395 0.01240502 1
454 0.01240502 1
416 0.01240502 1
450 0.01240502 1
414 0.01240502 1
516 0.01240502 1
4 0.00377562 22
2 0.00165333 18
12 0.00159849 18
8 0.00154791 16
3 0.00135978 22
1 0.00118077 43
16 0.00097162 15
19 0.00094444 18
5 0.00089114 15
18 0.00086283 14
14 0.00074773 9
17 0.00072770 9
11 0.00071296 15
13 0.00070982 12
10 0.00068657 10
9 0.00065444 15
7 0.00064233 11
6 0.00064186 16
15 0.00060764 12
543 0.00007480 2
547 0.00007462 4
724 0.00007141 2
1027 0.00007035 1
881 0.00006727 1
911 0.00005587 1
651 0.00005533 1
610 0.00005471 4
646 0.00005333 1
1273 0.00005307 1
693 0.00005307 1
1121 0.00005307 1
1256 0.00004938 1
745 0.00003924 2
702 0.00003800 3
694 0.00003788 2
815 0.00003741 2
1052 0.00003731 2
700 0.00003608 3
587 0.00003576 3
533 0.00003527 3
570 0.00003243 2
795 0.00003170 2
819 0.00003167 1
544 0.00002391 1
611 0.00002384 3
982 0.00002327 1
534 0.00002327 1
568 0.00001964 3
667 0.00001962 2
882 0.00001962 2
874 0.00001962 2
640 0.00001962 2
1024 0.00001962 2
995 0.00001962 2
1014 0.00001962 2
751 0.00001962 2
917 0.00001960 1
963 0.00001960 1
752 0.00001960 1
746 0.00001960 1
781 0.00001960 1
1358 0.00001960 1
889 0.00001960 1
1138 0.00001960 1
1395 0.00001960 1
520 0.00001960 1
658 0.00001960 1
1347 0.00001960 1
712 0.00001960 1
1316 0.00001960 1
1004 0.00001960 1
997 0.00001960 1
583 0.00001960 1
996 0.00001960 1
951 0.00001960 1
748 0.00001960 1
956 0.00001960 1
1222 0.00001960 1
1250 0.00001960 1
935 0.00001960 1
1344 0.00001960 1
650 0.00001921 2
679 0.00001921 2
1269 0.00001894 1
1267 0.00001894 1
1270 0.00001894 1
1268 0.00001894 1
761 0.00001890 2
556 0.00001888 1
701 0.00001839 2
698 0.00001839 2
699 0.00001839 2
833 0.00001833 2
830 0.00001831 1
826 0.00001831 1
821 0.00001831 1
825 0.00001831 1
823 0.00001831 1
835 0.00001831 1
829 0.00001831 1
831 0.00001831 1
827 0.00001831 1
828 0.00001831 1
822 0.00001831 1
832 0.00001831 1
834 0.00001831 1
824 0.00001831 1
696 0.00001826 1
697 0.00001826 1
695 0.00001826 1
563 0.00001823 2
1009 0.00001822 1
663 0.00001822 1
862 0.00001822 1
736 0.00001822 1
573 0.00001822 1
847 0.00001822 1
527 0.00001817 2
1389 0.00001815 1
885 0.00001815 1
924 0.00001815 1
756 0.00001815 1
907 0.00001807 1
798 0.00001807 1
595 0.00001807 1
767 0.00001807 1
783 0.00001779 2
532 0.00001777 1
643 0.00001777 1
685 0.00001777 1
794 0.00001777 1
575 0.00001777 1
898 0.00001769 2
1019 0.00001768 1
1390 0.00001768 1
931 0.00001768 1
1109 0.00001768 1
797 0.00001768 1
1128 0.00001768 1
593 0.00001768 1
586 0.00001756 1
585 0.00001756 1
628 0.00001752 2
803 0.00001751 1
852 0.00001751 1
728 0.00001751 1
743 0.00001744 2
753 0.00001744 2
844 0.00001744 2
763 0.00001743 1
922 0.00001743 1
1002 0.00001705 1
1203 0.00001705 1
858 0.00001705 1
600 0.00001651 1
1179 0.00001628 1
634 0.00001627 1
614 0.00000568 2
613 0.00000568 2
612 0.00000568 2
615 0.00000429 2
617 0.00000429 2
616 0.00000428 1
618 0.00000428 1
619 0.00000428 1
1006 0.00000360 1
747 0.00000209 1
521 0.00000158 1
703 0.00000152 1
1298 0.00000152 1
739 0.00000152 1
662 0.00000148 1
602 0.00000140 2
607 0.00000140 2
608 0.00000140 1
605 0.00000140 1
604 0.00000140 1
609 0.00000140 1
601 0.00000140 1
603 0.00000140 1
606 0.00000140 1
661 0.00000113 1
675 0.00000113 1
672 0.00000113 1
665 0.00000113 1
590 0.00000093 2
649 0.00000090 2
713 0.00000090 1
705 0.00000090 1
961 0.00000090 1
714 0.00000090 1
983 0.00000090 1
671 0.00000082 2
738 0.00000070 2
653 0.00000069 2
878 0.00000068 1
681 0.00000063 3
577 0.00000061 1
641 0.00000061 1
633 0.00000058 2
735 0.00000058 1
855 0.00000000 2
730 0.00000000 2
800 0.00000000 1
1294 0.00000000 1
1356 0.00000000 1
564 0.00000000 1
629 0.00000000 1
893 0.00000000 1
1147 0.00000000 1
1194 0.00000000 1
645 0.00000000 1
1034 0.00000000 1
801 0.00000000 1
565 0.00000000 1
861 0.00000000 1
731 0.00000000 1
940 0.00000000 1
1016 0.00000000 1
1013 0.00000000 1
921 0.00000000 1
1393 0.00000000 1
877 0.00000000 1
959 0.00000000 1
580 0.00000000 1
1234 0.00000000 1
569 0.00000000 1
706 0.00000000 1
1054 0.00000000 1
809 0.00000000 1
741 0.00000000 1
591 0.00000000 1
1115 0.00000000 1
1135 0.00000000 1
626 0.00000000 1
557 0.00000000 1
1305 0.00000000 1
659 0.00000000 1
1245 0.00000000 1
637 0.00000000 1
1338 0.00000000 1
979 0.00000000 1
540 0.00000000 1
1050 0.00000000 1
773 0.00000000 1
1382 0.00000000 1
1025 0.00000000 1
1067 0.00000000 1
1008 0.00000000 1
1302 0.00000000 1
1323 0.00000000 1
1215 0.00000000 1
1341 0.00000000 1
957 0.00000000 1
555 0.00000000 1
842 0.00000000 1
1056 0.00000000 1
771 0.00000000 1
1326 0.00000000 1
872 0.00000000 1
1186 0.00000000 1
776 0.00000000 1
944 0.00000000 1
539 0.00000000 1
1082 0.00000000 1
762 0.00000000 1
546 0.00000000 1
1071 0.00000000 1
689 0.00000000 1
1372 0.00000000 1
914 0.00000000 1
558 0.00000000 1
1076 0.00000000 1
596 0.00000000 1
1374 0.00000000 1
1051 0.00000000 1
1257 0.00000000 1
1202 0.00000000 1
623 0.00000000 1
1077 0.00000000 1
721 0.00000000 1
1228 0.00000000 1
1123 0.00000000 1
901 0.00000000 1
1312 0.00000000 1
525 0.00000000 1
1108 0.00000000 1
578 0.00000000 1
772 0.00000000 1
561 0.00000000 0
1278 0.00000000 0
1252 0.00000000 0
571 0.00000000 0
1388 0.00000000 0
668 0.00000000 0
1223 0.00000000 0
793 0.00000000 0
1236 0.00000000 0
760 0.00000000 0
953 0.00000000 0
1072 0.00000000 0
654 0.00000000 0
1279 0.00000000 0
531 0.00000000 0
733 0.00000000 0
1180 0.00000000 0
820 0.00000000 0
657 0.00000000 0
960 0.00000000 0
707 0.00000000 0
837 0.00000000 0
879 0.00000000 0
841 0.00000000 0
1079 0.00000000 0
1101 0.00000000 0
541 0.00000000 0
1195 0.00000000 0
850 0.00000000 0
704 0.00000000 0
572 0.00000000 0
1197 0.00000000 0
1219 0.00000000 0
1187 0.00000000 0
1332 0.00000000 0
709 0.00000000 0
1253 0.00000000 0
648 0.00000000 0
786 0.00000000 0
895 0.00000000 0
843 0.00000000 0
938 0.00000000 0
1240 0.00000000 0
1391 0.00000000 0
677 0.00000000 0
1260 0.00000000 0
656 0.00000000 0
980 0.00000000 0
1383 0.00000000 0
774 0.00000000 0
1193 0.00000000 0
913 0.00000000 0
851 0.00000000 0
676 0.00000000 0
1099 0.00000000 0
1048 0.00000000 0
1319 0.00000000 0
1074 0.00000000 0
1151 0.00000000 0
598 0.00000000 0
811 0.00000000 0
1185 0.00000000 0
1360 0.00000000 0
817 0.00000000 0
1297 0.00000000 0
1111 0.00000000 0
1153 0.00000000 0
530 0.00000000 0
1386 0.00000000 0
839 0.00000000 0
1175 0.00000000 0
1122 0.00000000 0
1314 0.00000000 0
1329 0.00000000 0
1157 0.00000000 0
647 0.00000000 0
1088 0.00000000 0
683 0.00000000 0
1188 0.00000000 0
912 0.00000000 0
1324 0.00000000 0
537 0.00000000 0
1184 0.00000000 0
939 0.00000000 0
1068 0.00000000 0
891 0.00000000 0
1140 0.00000000 0
1201 0.00000000 0
1321 0.00000000 0
928 0.00000000 0
1142 0.00000000 0
865 0.00000000 0
971 0.00000000 0
870 0.00000000 0
1230 0.00000000 0
1100 0.00000000 0
1098 0.00000000 0
1379 0.00000000 0
1044 0.00000000 0
1210 0.00000000 0
1084 0.00000000 0
673 0.00000000 0
897 0.00000000 0
1261 0.00000000 0
1254 0.00000000 0
627 0.00000000 0
970 0.00000000 0
1327 0.00000000 0
954 0.00000000 0
1277 0.00000000 0
789 0.00000000 0
1191 0.00000000 0
1227 0.00000000 0
1306 0.00000000 0
716 0.00000000 0
1282 0.00000000 0
1087 0.00000000 0
1127 0.00000000 0
1045 0.00000000 0
764 0.00000000 0
1233 0.00000000 0
894 0.00000000 0
1129 0.00000000 0
1284 0.00000000 0
1063 0.00000000 0
1059 0.00000000 0
941 0.00000000 0
1192 0.00000000 0
768 0.00000000 0
719 0.00000000 0
625 0.00000000 0
579 0.00000000 0
1155 0.00000000 0
1235 0.00000000 0
981 0.00000000 0
866 0.00000000 0
994 0.00000000 0
937 0.00000000 0
792 0.00000000 0
642 0.00000000 0
1365 0.00000000 0
908 0.00000000 0
1217 0.00000000 0
624 0.00000000 0
846 0.00000000 0
799 0.00000000 0
896 0.00000000 0
630 0.00000000 0
708 0.00000000 0
810 0.00000000 0
1152 0.00000000 0
845 0.00000000 0
972 0.00000000 0
1331 0.00000000 0
1061 0.00000000 0
582 0.00000000 0
622 0.00000000 0
710 0.00000000 0
1073 0.00000000 0
975 0.00000000 0
1196 0.00000000 0
666 0.00000000 0
1239 0.00000000 0
900 0.00000000 0
1080 0.00000000 0
1132 0.00000000 0
1172 0.00000000 0
644 0.00000000 0
688 0.00000000 0
777 0.00000000 0
1359 0.00000000 0
1299 0.00000000 0
1139 0.00000000 0
1266 0.00000000 0
754 0.00000000 0
691 0.00000000 0
1300 0.00000000 0
542 0.00000000 0
950 0.00000000 0
1118 0.00000000 0
1330 0.00000000 0
977 0.00000000 0
664 0.00000000 0
818 0.00000000 0
1134 0.00000000 0
932 0.00000000 0
936 0.00000000 0
717 0.00000000 0
742 0.00000000 0
918 0.00000000 0
1119 0.00000000 0
1212 0.00000000 0
737 0.00000000 0
916 0.00000000 0
1221 0.00000000 0
884 0.00000000 0
1320 0.00000000 0
732 0.00000000 0
886 0.00000000 0
620 0.00000000 0
744 0.00000000 0
1124 0.00000000 0
1189 0.00000000 0
1384 0.00000000 0
969 0.00000000 0
919 0.00000000 0
869 0.00000000 0
854 0.00000000 0
597 0.00000000 0
1126 0.00000000 0
687 0.00000000 0
1263 0.00000000 0
1371 0.00000000 0
522 0.00000000 0
1102 0.00000000 0
968 0.00000000 0
1272 0.00000000 0
871 0.00000000 0
1271 0.00000000 0
1110 0.00000000 0
787 0.00000000 0
1220 0.00000000 0
1376 0.00000000 0
1160 0.00000000 0
529 0.00000000 0
984 0.00000000 0
788 0.00000000 0
1364 0.00000000 0
1367 0.00000000 0
1218 0.00000000 0
1060 0.00000000 0
1385 0.00000000 0
804 0.00000000 0
1303 0.00000000 0
1370 0.00000000 0
853 0.00000000 0
1117 0.00000000 0
1309 0.00000000 0
726 0.00000000 0
1288 0.00000000 0
1249 0.00000000 0
1001 0.00000000 0
1214 0.00000000 0
1062 0.00000000 0
1058 0.00000000 0
1081 0.00000000 0
584 0.00000000 0
903 0.00000000 0
1243 0.00000000 0
1075 0.00000000 0
1286 0.00000000 0
836 0.00000000 0
1120 0.00000000 0
933 0.00000000 0
998 0.00000000 0
1337 0.00000000 0
1136 0.00000000 0
892 0.00000000 0
1308 0.00000000 0
765 0.00000000 0
1199 0.00000000 0
1150 0.00000000 0
1161 0.00000000 0
631 0.00000000 0
964 0.00000000 0
1198 0.00000000 0
1259 0.00000000 0
816 0.00000000 0
562 0.00000000 0
1200 0.00000000 0
523 0.00000000 0
594 0.00000000 0
796 0.00000000 0
1017 0.00000000 0
966 0.00000000 0
1207 0.00000000 0
1335 0.00000000 0
682 0.00000000 0
1366 0.00000000 0
552 0.00000000 0
686 0.00000000 0
538 0.00000000 0
1343 0.00000000 0
550 0.00000000 0
1086 0.00000000 0
1398 0.00000000 0
1280 0.00000000 0
988 0.00000000 0
883 0.00000000 0
910 0.00000000 0
1258 0.00000000 0
1131 0.00000000 0
750 0.00000000 0
1373 0.00000000 0
1174 0.00000000 0
1231 0.00000000 0
1036 0.00000000 0
621 0.00000000 0
989 0.00000000 0
1377 0.00000000 0
976 0.00000000 0
670 0.00000000 0
873 0.00000000 0
1394 0.00000000 0
1368 0.00000000 0
909 0.00000000 0
1399 0.00000000 0
711 0.00000000 0
958 0.00000000 0
904 0.00000000 0
1103 0.00000000 0
1283 0.00000000 0
1264 0.00000000 0
1287 0.00000000 0
548 0.00000000 0
920 0.00000000 0
943 0.00000000 0
1053 0.00000000 0
1262 0.00000000 0
1216 0.00000000 0
902 0.00000000 0
955 0.00000000 0
868 0.00000000 0
1125 0.00000000 0
1092 0.00000000 0
1113 0.00000000 0
952 0.00000000 0
1190 0.00000000 0
1345 0.00000000 0
802 0.00000000 0
1208 0.00000000 0
1275 0.00000000 0
1363 0.00000000 0
592 0.00000000 0
929 0.00000000 0
1154 0.00000000 0
1317 0.00000000 0
524 0.00000000 0
978 0.00000000 0
1137 0.00000000 0
905 0.00000000 0
1237 0.00000000 0
875 0.00000000 0
1396 0.00000000 0
1224 0.00000000 0
1276 0.00000000 0
1144 0.00000000 0
770 0.00000000 0
1148 0.00000000 0
1213 0.00000000 0
734 0.00000000 0
1244 0.00000000 0
1055 0.00000000 0
1226 0.00000000 0
967 0.00000000 0
574 0.00000000 0
684 0.00000000 0
1090 0.00000000 0
778 0.00000000 0
973 0.00000000 0
536 0.00000000 0
1141 0.00000000 0
1281 0.00000000 0
1251 0.00000000 0
1163 0.00000000 0
1083 0.00000000 0
1232 0.00000000 0
1012 0.00000000 0
553 0.00000000 0
1183 0.00000000 0
927 0.00000000 0
722 0.00000000 0
942 0.00000000 0
906 0.00000000 0
867 0.00000000 0
1248 0.00000000 0
785 0.00000000 0
660 0.00000000 0
784 0.00000000 0
887 0.00000000 0
769 0.00000000 0
1070 0.00000000 0
526 0.00000000 0
1057 0.00000000 0
848 0.00000000 0
1265 0.00000000 0
549 0.00000000 0
1315 0.00000000 0
926 0.00000000 0
