1345 0.074292 355
1151 0.036081 353
836 0.027746 296
837 0.017197 212
273 0.011889 141
787 0.011158 11
574 0.007700 16
618 0.007309 57
684 0.006462 81
1111 0.006428 28
572 0.005810 31
788 0.005534 15
1074 0.003842 10
1126 0.003779 45
476 0.003364 14
964 0.003357 10
619 0.002500 5
1364 0.002434 28
681 0.002349 1
1183 0.002202 1
1054 0.002202 2
417 0.002180 2
607 0.002078 16
772 0.002029 6
1092 0.001934 1
332 0.001914 2
352 0.001795 2
668 0.001746 2
569 0.001713 11
710 0.001697 18
405 0.001678 1
656 0.001674 2
575 0.001665 32
792 0.001638 16
378 0.001635 4
1157 0.001574 10
496 0.001553 2
217 0.001523 1
276 0.001523 1
705 0.001523 1
1193 0.001483 2
777 0.001475 2
847 0.001473 2
687 0.001464 6
785 0.001433 11
564 0.001412 26
420 0.001406 3
891 0.001391 2
983 0.001381 3
1300 0.001378 1
988 0.001376 1
92 0.001364 2
1265 0.001361 1
109 0.001334 2
1379 0.001324 12
815 0.001313 21
1288 0.001311 1
786 0.001310 15
1084 0.001310 2
975 0.001290 1
1332 0.001288 1
879 0.001285 1
717 0.001278 1
1103 0.001271 4
159 0.001271 2
712 0.001258 1
1191 0.001254 2
816 0.001252 18
456 0.001243 1
938 0.001240 2
1299 0.001240 2
14 0.001238 2
73 0.001229 1
1215 0.001229 1
773 0.001229 1
696 0.001229 1
1234 0.001229 1
774 0.001229 1
1258 0.001229 1
399 0.001227 13
190 0.001177 2
675 0.001169 2
657 0.001162 2
40 0.001155 2
1184 0.001145 1
698 0.001143 1
1059 0.001143 1
1260 0.001141 1
1391 0.001141 11
427 0.001110 1
1366 0.001107 1
1002 0.001103 10
1101 0.001099 1
683 0.001089 2
351 0.001084 11
387 0.001082 2
989 0.001082 1
627 0.001081 2
1017 0.001079 2
1187 0.001073 1
561 0.001072 1
307 0.001070 2
1083 0.001066 1
530 0.001062 2
484 0.001062 2
250 0.001061 1
1312 0.001059 1
1108 0.001057 1
573 0.001056 2
867 0.001051 2
537 0.001043 2
123 0.001041 2
1261 0.001041 1
1314 0.001037 2
114 0.001028 2
167 0.001026 2
595 0.001024 2
188 0.001017 1
908 0.001014 2
1081 0.001005 3
1180 0.000999 1
153 0.000995 2
505 0.000992 2
8 0.000991 2
1306 0.000990 2
10 0.000986 2
584 0.000985 2
1053 0.000983 2
590 0.000982 2
107 0.000981 2
1067 0.000981 2
521 0.000980 2
1125 0.000980 2
43 0.000976 2
831 0.000969 2
984 0.000963 1
103 0.000961 2
707 0.000960 7
88 0.000959 2
959 0.000955 1
625 0.000953 2
1228 0.000953 1
115 0.000952 2
778 0.000950 2
706 0.000950 1
868 0.000949 1
245 0.000945 2
487 0.000945 2
529 0.000942 2
113 0.000942 2
1326 0.000942 2
18 0.000941 2
1192 0.000940 2
998 0.000939 1
1327 0.000937 2
719 0.000936 5
939 0.000933 2
1001 0.000932 1
1360 0.000927 2
102 0.000925 2
402 0.000925 2
418 0.000925 2
192 0.000924 2
1237 0.000922 1
653 0.000919 2
700 0.000918 1
1374 0.000918 2
121 0.000916 2
490 0.000916 2
1386 0.000915 1
1359 0.000914 11
42 0.000914 2
1216 0.000913 1
4 0.000909 2
617 0.000908 8
1214 0.000907 1
31 0.000906 2
128 0.000906 2
1063 0.000906 2
374 0.000904 2
385 0.000904 2
703 0.000901 1
971 0.000901 1
366 0.000900 1
388 0.000900 1
623 0.000900 2
666 0.000900 2
38 0.000900 2
48 0.000900 2
5 0.000899 2
665 0.000899 2
1190 0.000895 2
1330 0.000895 1
520 0.000890 2
765 0.000890 2
951 0.000890 2
628 0.000890 2
486 0.000890 2
489 0.000890 2
491 0.000890 2
500 0.000890 2
502 0.000890 2
952 0.000890 2
1139 0.000890 2
1141 0.000890 2
673 0.000889 1
1115 0.000884 1
187 0.000884 1
193 0.000884 1
256 0.000884 1
751 0.000884 1
591 0.000884 1
614 0.000884 1
651 0.000884 1
689 0.000884 1
691 0.000884 1
893 0.000884 1
721 0.000884 1
770 0.000884 1
1147 0.000884 1
1179 0.000884 1
843 0.000884 1
872 0.000884 1
905 0.000884 1
929 0.000884 1
960 0.000884 1
980 0.000884 1
1256 0.000884 1
994 0.000884 1
1048 0.000884 1
1144 0.000884 1
1210 0.000884 1
1227 0.000884 1
1233 0.000884 1
1235 0.000884 1
1254 0.000884 1
1343 0.000884 1
32 0.000881 2
1219 0.000876 1
1109 0.000868 1
869 0.000864 1
501 0.000859 2
1371 0.000856 1
1263 0.000853 1
1284 0.000849 2
620 0.000849 6
156 0.000841 2
621 0.000837 6
616 0.000829 13
428 0.000824 2
1155 0.000815 1
1396 0.000810 2
1394 0.000800 2
846 0.000800 2
820 0.000795 2
1189 0.000795 2
44 0.000793 2
982 0.000790 3
148 0.000790 2
139 0.000788 2
1389 0.000786 2
776 0.000785 1
741 0.000780 2
885 0.000779 2
408 0.000774 1
89 0.000772 2
475 0.000772 2
1120 0.000771 1
829 0.000765 2
928 0.000761 2
26 0.000760 2
726 0.000759 2
900 0.000758 1
401 0.000752 6
954 0.000750 2
117 0.000746 2
902 0.000746 2
1073 0.000745 2
1393 0.000743 2
754 0.000743 2
349 0.000742 2
150 0.000741 2
1294 0.000741 1
23 0.000738 2
704 0.000733 1
910 0.000733 2
409 0.000731 5
800 0.000731 1
865 0.000730 2
1231 0.000727 1
444 0.000726 1
259 0.000725 1
1259 0.000725 1
916 0.000723 1
670 0.000723 2
1377 0.000721 2
120 0.000720 2
650 0.000720 2
676 0.000720 2
137 0.000718 2
1253 0.000717 1
104 0.000716 2
124 0.000715 2
296 0.000715 2
824 0.000715 2
932 0.000715 2
27 0.000712 2
494 0.000712 2
1186 0.000710 1
796 0.000709 1
1213 0.000708 1
1262 0.000706 1
389 0.000706 2
97 0.000703 2
1252 0.000703 2
130 0.000702 2
384 0.000702 2
493 0.000702 2
30 0.000701 2
578 0.000700 3
11 0.000699 2
771 0.000699 2
443 0.000699 1
357 0.000699 2
45 0.000697 2
47 0.000697 2
1188 0.000697 1
37 0.000696 2
41 0.000696 2
93 0.000696 2
1102 0.000694 5
1388 0.000694 2
961 0.000692 2
1194 0.000692 2
967 0.000692 1
1232 0.000692 1
898 0.000691 1
1230 0.000689 1
686 0.000689 5
140 0.000687 2
525 0.000687 2
532 0.000687 2
488 0.000687 2
534 0.000687 2
499 0.000687 2
495 0.000687 2
969 0.000687 2
764 0.000687 2
1140 0.000687 2
1266 0.000686 1
626 0.000684 2
1385 0.000683 1
889 0.000681 1
781 0.000681 1
1058 0.000681 1
714 0.000681 1
970 0.000681 1
972 0.000681 1
1071 0.000681 1
1185 0.000681 1
1286 0.000681 1
1287 0.000681 1
1335 0.000681 1
1337 0.000681 1
909 0.000678 2
262 0.000677 2
248 0.000675 1
112 0.000675 2
100 0.000674 2
1088 0.000673 2
571 0.000672 2
1320 0.000672 1
1061 0.000671 11
1303 0.000671 2
141 0.000666 2
1298 0.000665 2
659 0.000663 2
477 0.000660 2
1138 0.000658 2
1367 0.000656 2
457 0.000655 2
146 0.000654 2
138 0.000654 2
386 0.000654 2
181 0.000653 2
1368 0.000653 2
873 0.000653 2
383 0.000652 3
677 0.000649 2
131 0.000649 2
821 0.000648 2
811 0.000648 2
631 0.000647 1
1124 0.000647 1
158 0.000645 2
403 0.000645 2
845 0.000645 2
154 0.000643 2
817 0.000643 2
155 0.000642 2
111 0.000641 2
257 0.000639 2
1269 0.000639 1
1267 0.000634 1
1383 0.000634 1
1051 0.000634 2
802 0.000632 2
1390 0.000632 2
1200 0.000632 1
799 0.000631 1
830 0.000630 2
1055 0.000630 1
29 0.000629 2
105 0.000628 2
750 0.000626 2
263 0.000626 2
737 0.000626 2
1057 0.000623 2
98 0.000623 2
1278 0.000623 1
211 0.000621 1
361 0.000621 1
24 0.000621 2
738 0.000620 2
147 0.000620 2
624 0.000619 2
753 0.000619 2
950 0.000619 2
784 0.000619 2
866 0.000619 1
1264 0.000618 1
1329 0.000617 2
1080 0.000617 2
1363 0.000617 2
1070 0.000617 1
143 0.000615 2
157 0.000615 2
613 0.000615 1
664 0.000615 2
1056 0.000614 2
479 0.000614 2
455 0.000613 1
1270 0.000613 1
852 0.000613 1
1217 0.000613 1
1218 0.000613 1
1240 0.000613 1
1271 0.000613 1
151 0.000613 2
49 0.000611 2
660 0.000611 2
460 0.000610 2
106 0.000609 2
1153 0.000608 1
381 0.000608 2
1282 0.000608 1
911 0.000606 1
1283 0.000605 2
265 0.000604 1
586 0.000603 2
920 0.000602 2
369 0.000599 2
9 0.000599 2
739 0.000599 2
592 0.000599 1
895 0.000599 1
1315 0.000599 2
172 0.000598 2
347 0.000598 2
981 0.000597 3
709 0.000597 1
1236 0.000597 1
568 0.000597 2
119 0.000596 2
348 0.000596 2
510 0.000596 2
577 0.000595 2
85 0.000595 2
936 0.000595 2
943 0.000595 2
470 0.000594 2
144 0.000593 2
22 0.000593 2
1197 0.000591 2
452 0.000589 2
744 0.000588 2
1370 0.000588 2
844 0.000587 2
345 0.000586 2
733 0.000585 2
956 0.000585 1
1395 0.000584 2
886 0.000584 2
1012 0.000584 1
509 0.000584 3
1198 0.000583 1
550 0.000583 2
1142 0.000583 2
730 0.000583 2
1308 0.000581 2
