1151 0.55074699 353
836 0.51096684 296
1345 0.40184341 355
837 0.39199072 212
273 0.26170578 141
684 0.16005469 81
618 0.08958550 57
1126 0.07747080 45
1364 0.05154703 28
710 0.03336171 18
786 0.03138755 15
792 0.02895643 16
399 0.02702189 13
607 0.02547592 16
351 0.02333125 11
572 0.02325576 31
1391 0.02314969 11
1379 0.02063802 12
1002 0.01733488 10
785 0.01413423 11
1157 0.01331368 10
707 0.01309501 7
620 0.01245947 6
1111 0.01102429 28
409 0.01098331 5
621 0.01092225 6
401 0.01041879 6
575 0.00834050 32
719 0.00741937 5
569 0.00689834 11
616 0.00675719 13
1061 0.00606672 11
617 0.00578625 8
383 0.00556568 3
564 0.00542304 26
964 0.00521108 10
476 0.00481229 14
578 0.00445592 3
981 0.00424950 3
381 0.00413914 2
844 0.00405290 2
262 0.00398237 2
802 0.00390189 2
845 0.00389823 2
460 0.00389809 2
403 0.00382748 2
550 0.00381956 2
157 0.00367634 2
586 0.00353677 2
1363 0.00352487 2
151 0.00345253 2
1088 0.00343566 2
1142 0.00341090 2
1303 0.00327361 2
1080 0.00322196 2
141 0.00317867 2
825 0.00296010 2
731 0.00282987 2
1160 0.00281133 2
25 0.00280826 2
1389 0.00280036 2
372 0.00276113 2
39 0.00275217 2
687 0.00270523 6
140 0.00268531 2
570 0.00254435 2
94 0.00251272 2
506 0.00251192 2
1057 0.00250374 2
761 0.00249209 2
1132 0.00247967 2
736 0.00246769 2
33 0.00246272 2
892 0.00245711 2
7 0.00245505 2
1129 0.00244515 2
1131 0.00244290 2
823 0.00243892 2
373 0.00242886 2
1137 0.00242783 2
257 0.00241900 2
926 0.00240709 2
15 0.00240417 2
931 0.00240247 2
90 0.00237430 2
118 0.00237107 2
594 0.00236014 2
1082 0.00235834 2
144 0.00235783 2
479 0.00235364 2
760 0.00234836 2
24 0.00234014 2
828 0.00232851 2
116 0.00232745 2
819 0.00232710 2
112 0.00232588 2
817 0.00232533 2
1110 0.00232200 2
1252 0.00232032 2
107 0.00231824 2
563 0.00231455 2
1150 0.00231339 2
34 0.00230215 2
28 0.00229951 2
1072 0.00229815 2
1161 0.00228586 2
9 0.00228278 2
1103 0.00227900 4
1390 0.00227722 2
1245 0.00227234 1
126 0.00225020 2
258 0.00225020 2
1202 0.00224919 2
1277 0.00224510 1
1388 0.00224481 2
562 0.00224240 1
308 0.00223844 2
1309 0.00222640 2
941 0.00222431 1
1224 0.00222431 1
1135 0.00222082 2
542 0.00222032 1
798 0.00221801 1
663 0.00221370 2
386 0.00221197 2
22 0.00221197 2
1086 0.00221030 2
1201 0.00220877 2
552 0.00220715 1
358 0.00220715 1
1036 0.00219897 2
737 0.00219478 2
115 0.00217912 2
897 0.00217705 1
1223 0.00217436 1
1152 0.00217436 1
650 0.00217313 2
375 0.00217229 1
722 0.00217229 1
133 0.00216377 2
568 0.00215157 2
503 0.00212261 2
156 0.00212153 2
504 0.00211837 2
138 0.00211133 2
865 0.00209805 2
16 0.00209566 2
848 0.00209468 2
1136 0.00207159 2
12 0.00205612 2
309 0.00205012 2
1395 0.00204023 2
6 0.00202051 2
1 0.00200915 2
371 0.00199939 2
125 0.00199622 2
20 0.00198712 2
918 0.00197881 2
1308 0.00197305 2
750 0.00196864 2
815 0.00196241 21
742 0.00196172 2
111 0.00194491 2
154 0.00193286 2
789 0.00192698 2
461 0.00192542 2
732 0.00191961 2
730 0.00191901 2
459 0.00190735 2
149 0.00190560 2
328 0.00189746 2
734 0.00189745 2
821 0.00189337 2
470 0.00188664 2
345 0.00187940 2
744 0.00187850 2
1098 0.00187834 1
1276 0.00187763 1
1368 0.00187407 2
158 0.00186369 2
1044 0.00186226 1
630 0.00186226 1
1087 0.00185888 2
933 0.00185781 1
894 0.00185776 1
150 0.00185687 2
875 0.00185543 1
769 0.00185543 1
747 0.00185456 1
955 0.00185276 1
1068 0.00185097 1
883 0.00184061 1
1370 0.00183899 2
414 0.00183883 1
1275 0.00183516 1
181 0.00183112 2
145 0.00182775 2
452 0.00182546 2
713 0.00182076 1
274 0.00182076 1
904 0.00182076 1
348 0.00181964 2
738 0.00181651 2
733 0.00181100 2
803 0.00181091 2
867 0.00180974 2
106 0.00180920 2
305 0.00179354 1
155 0.00179301 2
1250 0.00179300 1
1200 0.00179277 1
1084 0.00179239 2
1222 0.00179140 1
517 0.00179122 1
667 0.00179119 1
592 0.00179119 1
518 0.00179079 1
1249 0.00179068 1
519 0.00178897 1
688 0.00178897 1
911 0.00178897 1
927 0.00178897 1
887 0.00178897 1
1329 0.00178233 2
804 0.00177801 2
1060 0.00177397 2
953 0.00177301 2
438 0.00176923 1
640 0.00176923 1
577 0.00176430 2
909 0.00175571 2
1384 0.00175385 2
137 0.00174453 2
448 0.00174233 1
180 0.00173930 2
147 0.00173305 2
1153 0.00172897 1
906 0.00172838 1
549 0.00172838 1
102 0.00172765 2
1331 0.00172673 1
1154 0.00172673 1
1077 0.00172601 1
811 0.00172347 2
368 0.00172178 1
1278 0.00172055 1
418 0.00171898 2
402 0.00171898 2
590 0.00171898 2
275 0.00171734 1
958 0.00171511 1
1226 0.00171511 1
1175 0.00171475 1
1075 0.00171407 1
748 0.00171407 1
1062 0.00171187 1
919 0.00171185 1
913 0.00171183 1
367 0.00171183 1
1207 0.00171020 1
922 0.00171020 1
1208 0.00171020 1
660 0.00170422 2
119 0.00168814 2
105 0.00168416 2
146 0.00168043 2
422 0.00167279 2
98 0.00166548 2
645 0.00164570 1
436 0.00164570 1
884 0.00164167 1
1248 0.00163959 1
356 0.00163623 2
36 0.00163043 2
509 0.00160311 3
983 0.00159960 3
1045 0.00156719 2
508 0.00156718 2
507 0.00156662 2
1056 0.00156641 2
510 0.00156573 2
505 0.00154355 2
739 0.00153130 2
178 0.00152778 2
417 0.00152497 2
871 0.00152241 2
886 0.00152029 2
369 0.00151706 2
1054 0.00150500 2
664 0.00150355 2
477 0.00150273 2
648 0.00148833 1
896 0.00148833 1
419 0.00148833 1
1127 0.00148577 1
711 0.00148351 1
768 0.00148293 1
642 0.00148293 1
184 0.00148152 1
1100 0.00148152 1
1221 0.00148152 1
643 0.00148152 1
641 0.00148152 1
1090 0.00148152 1
610 0.00148152 1
1196 0.00144525 2
1195 0.00143442 2
1197 0.00143255 2
943 0.00143255 2
143 0.00142608 2
1244 0.00141145 1
795 0.00141083 1
1273 0.00141011 1
942 0.00141011 1
1243 0.00140954 1
912 0.00140876 1
708 0.00139914 1
882 0.00139798 1
895 0.00139606 1
265 0.00139606 1
956 0.00139606 1
1012 0.00139606 1
1102 0.00122080 5
35 0.00119856 2
1315 0.00114787 2
982 0.00114396 3
263 0.00114368 2
84 0.00112436 2
1073 0.00106207 2
903 0.00105692 2
172 0.00103370 2
753 0.00102872 2
950 0.00102872 2
928 0.00102604 2
1125 0.00102604 2
1283 0.00102431 2
163 0.00102102 1
139 0.00102026 2
626 0.00101911 2
1284 0.00101820 2
754 0.00101820 2
969 0.00101820 2
93 0.00099506 2
85 0.00098481 2
885 0.00097883 2
45 0.00097338 2
89 0.00097338 2
37 0.00097126 2
27 0.00097126 2
41 0.00097126 2
1394 0.00096902 2
932 0.00096864 2
347 0.00095906 2
349 0.00095898 2
11 0.00095686 2
130 0.00095589 2
104 0.00094818 2
1374 0.00093574 2
1373 0.00093237 1
311 0.00093234 1
1198 0.00093229 1
776 0.00090866 1
13 0.00078940 2
420 0.00077445 3
627 0.00075367 2
675 0.00075367 2
921 0.00075295 1
376 0.00075295 1
379 0.00075295 1
540 0.00075295 1
322 0.00067074 2
475 0.00064419 2
1140 0.00063550 2
499 0.00063550 2
624 0.00063546 2
495 0.00063545 2
123 0.00063544 2
764 0.00063544 2
873 0.00063489 2
501 0.00063489 2
532 0.00063489 2
488 0.00063489 2
493 0.00063489 2
670 0.00063489 2
494 0.00063489 2
534 0.00063489 2
525 0.00063489 2
486 0.00063489 2
938 0.00063489 2
530 0.00063489 2
628 0.00063489 2
537 0.00063489 2
939 0.00063489 2
500 0.00063489 2
625 0.00063489 2
1299 0.00063489 2
1139 0.00063489 2
521 0.00063489 2
489 0.00063489 2
484 0.00063489 2
520 0.00063489 2
487 0.00063489 2
529 0.00063489 2
1067 0.00063489 2
491 0.00063489 2
765 0.00063489 2
490 0.00063489 2
951 0.00063489 2
952 0.00063489 2
502 0.00063489 2
1141 0.00063489 2
496 0.00063489 2
531 0.00063428 1
527 0.00063428 1
1122 0.00063428 1
303 0.00063428 1
320 0.00063428 1
498 0.00063428 1
271 0.00063428 1
396 0.00063428 1
644 0.00063428 1
1118 0.00063428 1
522 0.00063428 1
365 0.00063428 1
485 0.00063428 1
300 0.00063428 1
523 0.00063428 1
533 0.00063428 1
976 0.00063428 1
539 0.00063428 1
524 0.00063428 1
536 0.00063428 1
299 0.00063428 1
497 0.00063428 1
526 0.00063428 1
816 0.00061656 18
582 0.00061476 2
619 0.00061351 5
1377 0.00061175 2
831 0.00061175 2
95 0.00061154 2
390 0.00061117 1
463 0.00061117 1
839 0.00061117 1
870 0.00061117 1
377 0.00061117 1
593 0.00061117 1
337 0.00061117 1
1148 0.00061117 1
338 0.00061117 1
977 0.00060175 2
574 0.00059325 16
1074 0.00059162 10
124 0.00059007 2
668 0.00059007 2
891 0.00059007 2
666 0.00059007 2
43 0.00059007 2
88 0.00059007 2
623 0.00059007 2
936 0.00058969 2
608 0.00058951 1
841 0.00058951 1
469 0.00058951 1
937 0.00058951 1
321 0.00058951 1
293 0.00058951 1
327 0.00058951 1
326 0.00058951 1
1051 0.00058849 2
830 0.00058848 2
29 0.00058812 2
357 0.00058795 2
657 0.00058795 2
5 0.00058795 2
40 0.00058795 2
665 0.00058795 2
393 0.00058739 1
462 0.00058739 1
1119 0.00058739 1
318 0.00058739 1
391 0.00058739 1
395 0.00058739 1
846 0.00058536 2
47 0.00058536 2
92 0.00058533 2
18 0.00058533 2
38 0.00058533 2
48 0.00058533 2
86 0.00058477 1
329 0.00058477 1
339 0.00058477 1
319 0.00058477 1
294 0.00058477 1
298 0.00058477 1
195 0.00058477 1
397 0.00058477 1
297 0.00058477 1
978 0.00058477 1
1281 0.00058477 1
291 0.00058477 1
920 0.00057744 2
573 0.00057627 2
30 0.00057567 2
385 0.00057567 2
374 0.00057567 2
332 0.00057567 2
387 0.00057567 2
1053 0.00057567 2
283 0.00057512 1
340 0.00057512 1
324 0.00057512 1
580 0.00057512 1
579 0.00057512 1
979 0.00057512 1
968 0.00057512 1
323 0.00057512 1
165 0.00057512 1
363 0.00057512 1
1317 0.00057512 1
833 0.00057512 1
384 0.00057318 2
26 0.00057315 2
44 0.00057258 2
1314 0.00057258 2
1306 0.00057258 2
121 0.00057258 2
1063 0.00057258 2
128 0.00057258 2
31 0.00057258 2
14 0.00057258 2
398 0.00057203 1
343 0.00057203 1
597 0.00057203 1
292 0.00057203 1
1376 0.00057203 1
285 0.00057203 1
284 0.00057203 1
389 0.00056881 2
378 0.00056879 4
32 0.00056714 2
4 0.00056714 2
595 0.00056714 2
8 0.00056714 2
850 0.00056660 1
855 0.00056660 1
853 0.00056660 1
416 0.00056660 1
824 0.00056606 2
457 0.00056558 2
114 0.00056450 2
103 0.00056450 2
726 0.00056429 2
771 0.00056429 2
902 0.00056429 2
1138 0.00056409 2
557 0.00056396 1
1117 0.00056396 1
136 0.00056396 1
342 0.00056375 1
1319 0.00056375 1
598 0.00056375 1
364 0.00056375 1
313 0.00056375 1
854 0.00056375 1
286 0.00056375 1
587 0.00056375 1
784 0.00055447 2
571 0.00055299 2
113 0.00055243 2
1326 0.00055243 2
847 0.00055243 2
1297 0.00055190 1
483 0.00055190 1
423 0.00055190 1
100 0.00054895 2
1396 0.00054728 2
556 0.00054135 1
585 0.00054135 1
553 0.00054135 1
629 0.00053584 1
454 0.00053584 1
1134 0.00053486 1
778 0.00053475 2
481 0.00053424 1
407 0.00053424 1
966 0.00053424 1
1282 0.00053415 1
302 0.00053294 1
1113 0.00053246 1
455 0.00053193 1
704 0.00053193 1
777 0.00052745 2
248 0.00052742 1
916 0.00052694 1
584 0.00052690 2
541 0.00052640 1
211 0.00052585 1
361 0.00052585 1
1155 0.00052535 1
408 0.00052535 1
148 0.00049998 2
1298 0.00044491 2
1359 0.00043726 11
829 0.00043270 2
820 0.00042144 2
954 0.00041980 2
961 0.00041980 2
117 0.00041693 2
1367 0.00041666 2
677 0.00041576 2
131 0.00041370 2
659 0.00041170 2
428 0.00040627 2
910 0.00040580 2
866 0.00040549 1
799 0.00040549 1
1218 0.00040549 1
1055 0.00040549 1
120 0.00040534 2
296 0.00040353 2
1220 0.00039492 1
1219 0.00039383 1
1271 0.00039383 1
1270 0.00039383 1
1320 0.00038828 1
1217 0.00038790 1
898 0.00038790 1
852 0.00038533 1
1240 0.00038531 1
647 0.00038441 1
272 0.00038441 1
1272 0.00038441 1
957 0.00038441 1
1269 0.00038422 1
1070 0.00038371 1
1383 0.00038368 1
1267 0.00038368 1
800 0.00038331 1
781 0.00038331 1
900 0.00038331 1
1058 0.00038331 1
444 0.00038331 1
796 0.00038331 1
686 0.00023149 5
810 0.00015853 2
787 0.00013868 11
1321 0.00013676 2
653 0.00011667 2
317 0.00011655 1
622 0.00011655 1
447 0.00011655 1
716 0.00009302 2
110 0.00008749 2
596 0.00008749 2
973 0.00007686 2
682 0.00007085 2
1081 0.00006766 3
1163 0.00006399 2
240 0.00005765 2
735 0.00005666 2
458 0.00005626 2
312 0.00005626 2
109 0.00005109 2
261 0.00005104 1
1172 0.00005104 1
269 0.00005104 1
307 0.00004939 2
908 0.00004939 2
159 0.00004939 2
881 0.00004935 1
842 0.00004935 1
331 0.00004935 1
1327 0.00004783 2
851 0.00004778 1
672 0.00004778 1
424 0.00004778 1
788 0.00004532 15
162 0.00004198 1
1398 0.00004198 1
1399 0.00004198 1
446 0.00004198 1
963 0.00004002 2
1194 0.00003704 2
1189 0.00003704 2
1193 0.00003649 2
1191 0.00003649 2
1192 0.00003649 2
1190 0.00003649 2
793 0.00003645 1
1279 0.00003645 1
1079 0.00003645 1
1324 0.00003645 1
615 0.00003645 1
1365 0.00003645 1
1212 0.00003645 1
161 0.00003645 1
1199 0.00003645 1
236 0.00003645 1
1251 0.00003645 1
49 0.00003230 2
1393 0.00003016 2
1360 0.00003002 2
208 0.00002999 1
341 0.00002999 1
97 0.00002918 2
352 0.00002918 2
656 0.00002918 2
683 0.00002918 2
245 0.00002918 2
1017 0.00002918 2
336 0.00002916 1
290 0.00002916 1
538 0.00002916 1
325 0.00002916 1
23 0.00002666 2
344 0.00002664 1
288 0.00002664 1
359 0.00002664 1
548 0.00002664 1
42 0.00002249 2
818 0.00002246 1
360 0.00002246 1
192 0.00002203 2
1174 0.00002201 1
164 0.00002201 1
335 0.00002191 1
1280 0.00002191 1
543 0.00002191 1
190 0.00002022 2
654 0.00002020 1
1099 0.00002020 1
267 0.00002020 1
167 0.00001985 2
153 0.00001985 2
330 0.00001983 1
997 0.00001981 1
362 0.00001981 1
741 0.00001878 2
676 0.00001878 2
10 0.00001878 2
142 0.00001876 1
160 0.00001876 1
468 0.00001876 1
772 0.00000401 6
1239 0.00000230 1
1236 0.00000169 1
709 0.00000169 1
1264 0.00000110 1
613 0.00000109 1
1186 0.00000098 1
1124 0.00000061 1
631 0.00000061 1
1253 0.00000061 1
1188 0.00000061 1
889 0.00000061 1
1263 0.00000061 1
1337 0.00000061 1
714 0.00000061 1
1335 0.00000061 1
1262 0.00000061 1
1213 0.00000058 1
1230 0.00000057 1
443 0.00000056 1
1385 0.00000056 1
1185 0.00000055 1
1120 0.00000055 1
1371 0.00000054 1
1294 0.00000054 1
972 0.00000054 1
1231 0.00000054 1
1266 0.00000013 1
869 0.00000013 1
1287 0.00000004 1
1265 0.00000004 1
1330 0.00000003 1
970 0.00000003 1
1071 0.00000003 1
1109 0.00000002 1
1059 0.00000002 1
698 0.00000002 1
1286 0.00000002 1
259 0.00000000 1
1259 0.00000000 1
967 0.00000000 1
1232 0.00000000 1
561 0.00000000 1
1180 0.00000000 1
960 0.00000000 1
879 0.00000000 1
1101 0.00000000 1
893 0.00000000 1
1147 0.00000000 1
1187 0.00000000 1
1332 0.00000000 1
843 0.00000000 1
1260 0.00000000 1
681 0.00000000 1
980 0.00000000 1
774 0.00000000 1
1048 0.00000000 1
1386 0.00000000 1
250 0.00000000 1
1184 0.00000000 1
614 0.00000000 1
971 0.00000000 1
959 0.00000000 1
1234 0.00000000 1
1210 0.00000000 1
188 0.00000000 1
703 0.00000000 1
706 0.00000000 1
696 0.00000000 1
673 0.00000000 1
1261 0.00000000 1
1254 0.00000000 1
456 0.00000000 1
1227 0.00000000 1
1233 0.00000000 1
1235 0.00000000 1
994 0.00000000 1
705 0.00000000 1
591 0.00000000 1
1115 0.00000000 1
651 0.00000000 1
256 0.00000000 1
975 0.00000000 1
366 0.00000000 1
691 0.00000000 1
1300 0.00000000 1
717 0.00000000 1
193 0.00000000 1
187 0.00000000 1
773 0.00000000 1
984 0.00000000 1
388 0.00000000 1
405 0.00000000 1
1179 0.00000000 1
1288 0.00000000 1
1001 0.00000000 1
1214 0.00000000 1
1215 0.00000000 1
217 0.00000000 1
998 0.00000000 1
712 0.00000000 1
751 0.00000000 1
872 0.00000000 1
1366 0.00000000 1
1343 0.00000000 1
276 0.00000000 1
988 0.00000000 1
1258 0.00000000 1
989 0.00000000 1
689 0.00000000 1
73 0.00000000 1
1216 0.00000000 1
868 0.00000000 1
1092 0.00000000 1
929 0.00000000 1
427 0.00000000 1
905 0.00000000 1
1237 0.00000000 1
1144 0.00000000 1
770 0.00000000 1
700 0.00000000 1
721 0.00000000 1
1256 0.00000000 1
1228 0.00000000 1
1083 0.00000000 1
1183 0.00000000 1
1312 0.00000000 1
1108 0.00000000 1
314 0.00000000 0
67 0.00000000 0
82 0.00000000 0
478 0.00000000 0
222 0.00000000 0
511 0.00000000 0
917 0.00000000 0
72 0.00000000 0
198 0.00000000 0
83 0.00000000 0
1356 0.00000000 0
253 0.00000000 0
281 0.00000000 0
602 0.00000000 0
661 0.00000000 0
96 0.00000000 0
127 0.00000000 0
826 0.00000000 0
201 0.00000000 0
431 0.00000000 0
1034 0.00000000 0
801 0.00000000 0
1203 0.00000000 0
745 0.00000000 0
270 0.00000000 0
565 0.00000000 0
752 0.00000000 0
186 0.00000000 0
70 0.00000000 0
433 0.00000000 0
60 0.00000000 0
185 0.00000000 0
421 0.00000000 0
108 0.00000000 0
266 0.00000000 0
400 0.00000000 0
861 0.00000000 0
252 0.00000000 0
605 0.00000000 0
940 0.00000000 0
1016 0.00000000 0
169 0.00000000 0
743 0.00000000 0
480 0.00000000 0
1019 0.00000000 0
171 0.00000000 0
437 0.00000000 0
183 0.00000000 0
1013 0.00000000 0
152 0.00000000 0
472 0.00000000 0
473 0.00000000 0
835 0.00000000 0
220 0.00000000 0
877 0.00000000 0
226 0.00000000 0
74 0.00000000 0
280 0.00000000 0
746 0.00000000 0
177 0.00000000 0
633 0.00000000 0
783 0.00000000 0
209 0.00000000 0
182 0.00000000 0
1009 0.00000000 0
306 0.00000000 0
61 0.00000000 0
1358 0.00000000 0
51 0.00000000 0
809 0.00000000 0
101 0.00000000 0
232 0.00000000 0
221 0.00000000 0
173 0.00000000 0
907 0.00000000 0
646 0.00000000 0
235 0.00000000 0
62 0.00000000 0
604 0.00000000 0
634 0.00000000 0
242 0.00000000 0
132 0.00000000 0
65 0.00000000 0
50 0.00000000 0
693 0.00000000 0
282 0.00000000 0
251 0.00000000 0
231 0.00000000 0
202 0.00000000 0
287 0.00000000 0
382 0.00000000 0
346 0.00000000 0
210 0.00000000 0
203 0.00000000 0
218 0.00000000 0
213 0.00000000 0
91 0.00000000 0
225 0.00000000 0
170 0.00000000 0
289 0.00000000 0
63 0.00000000 0
797 0.00000000 0
279 0.00000000 0
247 0.00000000 0
179 0.00000000 0
122 0.00000000 0
264 0.00000000 0
609 0.00000000 0
1305 0.00000000 0
482 0.00000000 0
87 0.00000000 0
430 0.00000000 0
166 0.00000000 0
301 0.00000000 0
57 0.00000000 0
413 0.00000000 0
874 0.00000000 0
260 0.00000000 0
601 0.00000000 0
350 0.00000000 0
277 0.00000000 0
334 0.00000000 0
241 0.00000000 0
637 0.00000000 0
354 0.00000000 0
406 0.00000000 0
1128 0.00000000 0
858 0.00000000 0
701 0.00000000 0
278 0.00000000 0
862 0.00000000 0
702 0.00000000 0
215 0.00000000 0
453 0.00000000 0
1338 0.00000000 0
189 0.00000000 0
439 0.00000000 0
75 0.00000000 0
223 0.00000000 0
429 0.00000000 0
827 0.00000000 0
224 0.00000000 0
58 0.00000000 0
268 0.00000000 0
1050 0.00000000 0
514 0.00000000 0
79 0.00000000 0
1382 0.00000000 0
547 0.00000000 0
600 0.00000000 0
254 0.00000000 0
1024 0.00000000 0
3 0.00000000 0
212 0.00000000 0
216 0.00000000 0
435 0.00000000 0
135 0.00000000 0
19 0.00000000 0
1025 0.00000000 0
55 0.00000000 0
206 0.00000000 0
464 0.00000000 0
658 0.00000000 0
995 0.00000000 0
1008 0.00000000 0
59 0.00000000 0
822 0.00000000 0
412 0.00000000 0
649 0.00000000 0
134 0.00000000 0
1014 0.00000000 0
194 0.00000000 0
1027 0.00000000 0
66 0.00000000 0
697 0.00000000 0
1302 0.00000000 0
1323 0.00000000 0
214 0.00000000 0
1347 0.00000000 0
415 0.00000000 0
227 0.00000000 0
451 0.00000000 0
404 0.00000000 0
355 0.00000000 0
1341 0.00000000 0
392 0.00000000 0
46 0.00000000 0
611 0.00000000 0
81 0.00000000 0
432 0.00000000 0
219 0.00000000 0
295 0.00000000 0
76 0.00000000 0
555 0.00000000 0
440 0.00000000 0
724 0.00000000 0
197 0.00000000 0
1316 0.00000000 0
832 0.00000000 0
394 0.00000000 0
17 0.00000000 0
1004 0.00000000 0
168 0.00000000 0
310 0.00000000 0
1006 0.00000000 0
316 0.00000000 0
474 0.00000000 0
583 0.00000000 0
662 0.00000000 0
1121 0.00000000 0
434 0.00000000 0
512 0.00000000 0
52 0.00000000 0
878 0.00000000 0
53 0.00000000 0
99 0.00000000 0
191 0.00000000 0
441 0.00000000 0
471 0.00000000 0
380 0.00000000 0
671 0.00000000 0
80 0.00000000 0
239 0.00000000 0
196 0.00000000 0
230 0.00000000 0
996 0.00000000 0
77 0.00000000 0
685 0.00000000 0
449 0.00000000 0
944 0.00000000 0
244 0.00000000 0
515 0.00000000 0
204 0.00000000 0
762 0.00000000 0
78 0.00000000 0
353 0.00000000 0
763 0.00000000 0
546 0.00000000 0
304 0.00000000 0
679 0.00000000 0
612 0.00000000 0
1372 0.00000000 0
914 0.00000000 0
767 0.00000000 0
558 0.00000000 0
1076 0.00000000 0
199 0.00000000 0
1268 0.00000000 0
924 0.00000000 0
513 0.00000000 0
234 0.00000000 0
333 0.00000000 0
426 0.00000000 0
233 0.00000000 0
467 0.00000000 0
56 0.00000000 0
1257 0.00000000 0
445 0.00000000 0
71 0.00000000 0
174 0.00000000 0
175 0.00000000 0
603 0.00000000 0
756 0.00000000 0
54 0.00000000 0
129 0.00000000 0
492 0.00000000 0
466 0.00000000 0
465 0.00000000 0
2 0.00000000 0
228 0.00000000 0
229 0.00000000 0
249 0.00000000 0
695 0.00000000 0
69 0.00000000 0
238 0.00000000 0
410 0.00000000 0
207 0.00000000 0
411 0.00000000 0
794 0.00000000 0
606 0.00000000 0
21 0.00000000 0
1052 0.00000000 0
1123 0.00000000 0
205 0.00000000 0
64 0.00000000 0
255 0.00000000 0
370 0.00000000 0
450 0.00000000 0
728 0.00000000 0
68 0.00000000 0
176 0.00000000 0
901 0.00000000 0
834 0.00000000 0
246 0.00000000 0
544 0.00000000 0
935 0.00000000 0
442 0.00000000 0
315 0.00000000 0
694 0.00000000 0
699 0.00000000 0
425 0.00000000 0
1344 0.00000000 0
516 0.00000000 0
200 0.00000000 0
237 0.00000000 0
243 0.00000000 0
