1 324 25
4 22 728
5 24 924
6 25 340
7 261 27
8 22 803
9 23 97
10 735 15
11 23 389
12 289 23
13 20 1
14 23 1109
15 145 25
16 25 305
18 798 27
20 314 26
22 126 26
23 671 18
24 25 73
25 24 195
26 23 700
27 448 24
28 77 27
29 24 611
30 783 26
31 23 1019
32 22 628
33 235 25
34 78 27
35 24 25
36 58 25
37 24 464
38 767 27
39 169 26
40 24 885
41 24 480
42 653 17
43 28 663
44 23 898
45 513 28
47 679 27
48 907 27
49 547 16
73 1115
84 28 51
85 433 28
86 27
88 28 736
89 28 457
90 152 27
92 595 27
93 485 25
94 28 206
95 21 8
97 19 649
98 120 19
100 43 6
102 646 63
103 31 763
104 31 517
105 113 13
106 9 140
107 153 38
109 2 521
110 1 2
111 320 51
112 136 49
113 32 858
114 31 922
115 881 173
116 12 191
117 423 14
118 29 105
119 5 108
120 471 11
121 23 593
123 29 815
124 28 563
125 321 27
126 122 25
128 23 1128
130 411 23
131 463 16
133 20 338
136 31
137 65 724
138 415 63
139 570 58
140 109 58
141 151 60
142 15
143 326 16
144 22 150
145 1 137
146 114 6
147 10 79
148 4 383
149 2 237
150 543 237
151 214 119
153 7 641
154 345 34
155 547 164
156 499 100
157 323 191
158 227 14
159 12 703
160 15
161 1
162 3
163 55
164 11
165 26
167 7 577
172 59 15
178 3 286
180 78 13
181 216 14
184 294
187 1356
188 1051
190 9 681
192 878 11
193 1123
195 27
208 16
211 35
217 1215
236 1
240 10 1
245 713 19
248 45
250 525
256 555
257 109 20
258 122 25
259 730
261 2
262 201 159
263 25 54
265 348
267 9
269 2
271 29
272 451
273 158 95 120 103 113 136 92 151 167 86 61 144 62 73 84 143 200 201 114 63 79 165 190 185 137 130 109 150 173 153 192 117 107 145 118 199 169 159 149 157 138 89 119 90 102 160 97 176 101 116 131 65 198 195 105 106 174 180 183 178 177 124 94 171 112 197 78 161 189 100 182 88 72 77 162 104 85 83 147 115 66 139 187 196 96 194 141 140 67 111 142 98 175 82 71 76 91 64 184 74 126 166 134 168 170 93 110 152 68 148 133 128 135 179 69 181 81 163 121 154 156 99 146 193 75 186 132 129 123 70 164 155 127 125 172 80 122 87 191 188 108
274 222
275 80
276 773
283 26
284 23
285 23
286 21
288 18
290 19
291 27
292 23
293 28
294 27
296 9 465
297 27
298 27
299 29
300 29
302 50
303 29
305 146
307 12 1298
308 12 177
309 22 303
311 358
312 1 6
313 21
317 4
318 24
319 27
320 29
321 28
322 29 1
323 26
324 26
325 19
326 28
327 28
328 7 257
329 27
330 7
331 12
332 575 26
335 13
336 19
337 25
338 25
339 27
340 26
341 16
342 21
343 23
344 18
345 18 229
347 433 21
348 145 18
349 508 26
351 190 189 187 196 192 193 194 20 195 191 188
352 705 19
356 56 25
357 24 527
358 181
359 18
360 17
361 35
362 6
363 26
364 21
365 29
366 921
367 82
368 64
369 361 27
371 24 314
372 23 177
373 22 231
374 26 794
375 199
376 20
377 25
378 585 587 586 22
379 20
381 188 230
383 274 180 231
384 23 1052
385 685 26
386 121 26
387 532 26
388 540
389 22 724
390 25
391 24
393 24
395 24
396 29
397 27
398 23
399 190 189 187 196 192 193 194 197 8 198 195 191 188
401 62 65 64 67 66 63
402 693 80
403 177 117
405 564
407 34
408 37
409 179 176 178 177 180
414 226
416 22
417 273 3
418 1121 80
419 275
420 544 487 494
422 1 116
423 32
424 8
427 1393
428 387 11
436 61
438 66
443 563
444 509
446 3
447 4
448 65
452 1 130
454 33
455 53
456 623
457 43 1
458 1 6
459 4 149
460 84 200
461 257 8
462 24
463 25
468 15
469 28
470 4 207
475 4 42
476 399 408 397 406 407 16 398 403 405 4 401 400 404 402
477 10 302
479 33 223
481 34
483 32
484 889 29
485 29
486 29 935
487 29 963
488 995 29
489 29 996
490 997 29
491 29 1004
493 29 640
494 29 667
495 29 694
496 29 712
497 29
498 29
499 29 745
500 29 746
501 29 751
502 29 752
503 275 29
504 289 29
505 29 352
506 257 29
507 358 29
508 359 29
509 360 29 1
510 29 368
517 150
518 149
519 144
520 1358 29
521 29 1395
522 29
523 29
524 29
525 1024 29
526 29
527 29
529 29 1250
530 29 781
531 29
532 874 29
533 29
534 1014 29
536 29
537 29 1138
538 19
539 29
540 20
541 46
542 196
543 13
548 18
549 70
550 165 61
552 181
553 30
556 30
557 31
561 771
562 194
563 191 1
564 17 24 18 22 23 25 6 26 2 16 13 5 10 3 27 19 7 9 14 11 15 21 8 20 4 12
568 20 345
569 50 52 51 24 48 53 56 47 55 49 54
570 20 143
571 32 533
572 360 354 364 365 358 370 380 378 376 368 28 366 377 410 375 373 381 362 356 357 372 371 353 359 361 363 369 374 355 367 379
573 815 26
574 825 832 822 824 27 823 826 833 829 831 835 828 821 830 827 834
575 17 24 18 22 30 23 25 31 6 26 2 16 28 29 13 5 10 3 19 27 7 32 9 14 11 15 21 1 8 20 4 12
577 5 105
578 287 285 286
579 26
580 26
582 27 16
584 46 634
585 30
586 81 251
587 21
590 1273 80
591 637
592 153
593 25
594 22 146
595 22 852
596 2 1
597 23
598 21
607 104 102 100 103 109 101 112 107 12 110 105 111 113 106 114 108
608 28
610 299
613 533
614 565
615 1
616 21 26 17 24 252 27 16 19 20 18 22 23 25
617 31 252 28 32 29 33 30 34
618 262 265 287 293 263 297 283 295 256 279 277 281 299 258 271 284 276 301 269 298 257 255 260 280 286 273 309 292 274 304 259 294 289 264 285 300 291 308 282 290 302 303 268 267 270 278 307 266 288 306 272 4 275 296 261 305 310
619 1269 1268 25 1270 1267
620 201 202 200 204 188 203
621 213 214 215 263 212 216
622 4
623 28 1009
624 702 29
625 29 1222
626 29 389
627 20 534
628 29 583
629 33
630 231
631 568
640 66
641 277
642 279
643 308
644 29
645 61
647 451
648 275
650 45 61
651 809
653 4 1006
654 9
656 983 19
657 24 1389
659 10 406
660 113 3
663 23 125
664 309 11
665 756 24
666 28 862
667 161
668 28 847
670 29 882
672 8
673 539
675 20 982
676 633 15
677 13 439
681 1054
682 2 6
683 19 961
684 158 136 151 167 144 143 200 201 165 190 185 137 130 150 173 192 153 145 199 169 159 149 157 138 206 160 176 131 202 198 195 174 180 183 178 177 171 197 161 189 182 162 147 139 187 196 194 141 140 142 175 205 184 166 134 168 170 152 148 133 128 135 179 181 163 154 156 146 193 186 204 132 203 129 164 155 127 172 20 191 188
686 6 8 7 4 5
687 403 405 20 404 406 402
688 127
689 1323
691 914
696 893
698 681
700 1077
703 979
704 48
705 1234
706 629
707 257 260 262 258 263 259 261
708 346
709 610
710 243 230 242 256 232 241 234 245 233 236 244 239 231 235 229 237 238 240
711 288
712 1374
713 222
714 995
716 2 3
717 1326
719 94 95 93 32 92
721 1338
722 171
726 21 753
730 2 262
731 193 27
732 257 3
733 134 11
734 3 271
735 5 19
736 20 77
737 167 15
738 5 154
739 303 8
741 738 15
742 21 329
744 5 236
747 237
748 87
750 23 347
751 1025
753 445 29
754 29 460
760 29 87
761 264 29
764 29 1052
765 1347 29
768 279
769 267
770 762
771 21 743
772 701 700 702 698 738 699
773 689
774 1147
776 351
777 1179 40
778 600 34
781 515
784 52 11
785 317 313 321 312 3 316 315 319 314 318 320
786 179 188 183 185 187 189 190 192 182 2 181 191 186 184 180
787 612 616 613 618 615 619 611 9 4 614 617
788 610 612 608 604 607 3 601 613 611 605 609 602 614 603 606
789 257 12
792 213 214 219 221 225 215 220 222 224 212 218 223 211 216 66 217
793 1
795 338
796 481
798 180
799 373
800 510
802 201 89
803 9 164
804 56 20
810 4 3
811 610 64
815 17 18 6 2 16 13 5 10 3 19 7 9 14 11 15 21 1 8 20 4 12
816 17 18 6 2 16 13 5 10 3 7 9 14 11 15 1 8 4 12
817 33 157
818 17
819 65 27
820 405 16
821 261 14
823 24 241
824 21 543
825 20 181
828 25 80
829 12 479
830 24 533
831 556 25
833 26
836 158 95 120 103 219 248 313 246 263 297 55 295 113 136 216 256 217 92 151 167 86 281 61 144 284 62 276 73 84 143 335 200 201 114 63 298 318 257 79 165 190 185 137 130 109 150 173 153 192 286 117 226 107 145 274 118 199 259 169 264 294 315 159 210 149 157 138 89 119 330 307 266 272 90 344 240 206 102 160 262 97 348 176 101 116 131 202 65 207 198 195 212 105 242 293 339 106 174 232 180 218 241 342 349 183 258 225 178 336 177 340 59 319 301 220 124 236 94 317 260 244 171 280 312 112 197 309 304 223 300 308 239 282 290 341 78 161 189 100 221 270 182 302 303 208 337 235 88 72 77 238 162 305 104 85 343 215 83 243 265 287 147 321 324 323 327 115 345 66 139 209 251 253 277 213 299 187 271 196 311 96 194 316 56 141 140 67 111 142 269 329 98 175 82 255 71 347 76 91 64 205 214 224 184 250 285 289 74 291 320 126 326 166 333 278 134 168 170 254 306 93 331 229 110 237 152 275 211 296 325 328 310 57 68 133 128 135 148 179 69 247 252 230 181 283 81 249 163 121 154 156 234 279 60 222 99 346 146 193 75 245 186 233 322 204 132 203 338 332 350 129 123 273 292 70 164 334 155 314 127 227 58 125 172 80 231 267 122 268 288 228 261 87 191 188 108
837 158 95 120 103 219 248 246 263 113 136 216 256 217 92 151 167 86 61 144 62 73 84 143 200 201 114 63 257 79 165 190 185 137 130 109 150 173 153 192 117 226 107 145 118 199 259 169 264 159 210 149 157 138 89 119 266 90 240 206 102 160 262 97 176 101 116 131 65 202 198 195 207 105 212 242 106 174 232 180 218 241 183 258 225 178 177 220 124 236 94 260 244 171 112 197 223 239 78 161 189 100 221 270 182 208 235 88 72 77 238 162 104 85 215 83 243 265 147 115 66 139 209 251 253 213 187 271 196 96 194 141 140 67 111 142 269 98 175 82 255 71 76 91 64 205 214 224 184 250 74 126 166 134 168 170 254 93 229 110 237 152 211 68 148 133 128 135 179 247 69 252 230 181 81 249 163 121 154 156 234 60 222 99 146 193 75 245 186 233 204 132 203 129 123 70 164 155 127 227 125 172 80 231 267 122 268 228 261 87 191 188 108
839 25
841 28
842 12
843 1341
844 238 197
845 167 62
846 27 650
847 32 1002
848 288 25
850 22
851 8
852 415
853 22
854 21
855 22
865 88 449
866 379
867 213 911
868 557
869 617
870 25
871 28 362
872 558
873 29 568
875 255
879 706
881 12
882 324
883 227
884 125
885 24 405
886 24 359
887 147
889 874
891 28 573
892 249 29
893 1013
894 269
895 311
896 275
897 173
898 401
900 477
902 844 21
903 59 3
904 222
905 546
906 70
908 12 739
909 10 103
910 391 17
911 128
912 335
913 82
916 40
918 4 231
919 79
920 2 46
921 20
922 90
926 24 253
927 155
928 56 795
929 1302
931 25 137
932 27 458
933 264
936 24 547
937 28
938 29 951
939 29 748
941 186
942 334
943 342 1
950 29 431
951 658 29
952 29 1316
953 1 100
954 1 455
955 229
956 331
957 451
958 76
959 731
960 1257
961 1 392
963 9 6
964 493 78 495 489 491 497 494 492 496 490
966 34
967 855
968 26
969 29 453
970 649
971 580
972 743
973 5 12
975 959
976 29
977 18 26
978 27
979 26
980 1372
981 28 251 252
982 28 5 40
983 1256 57 27
984 1082
988 1108
989 1186
994 1016
997 6
998 1135
1001 1202
1002 68 71 69 73 65 70 72 67 66 74
1012 343
1017 19 714
1036 169 13
1044 231
1045 29 362
1048 1008
1051 24 587
1053 643 26
1054 273 11
1055 375
1056 56 30
1057 58 305
1058 473
1059 681
1060 20 55
1061 21 26 24 19 27 28 20 29 22 23 25
1062 91
1063 23 797
1067 956 29
1068 239
1070 463
1071 671
1072 24 85
1073 43 50
1074 701 696 697 700 702 695 698 27 694 699
1075 87
1077 63
1079 1
1080 249 346
1081 6 747 8
1082 22 136
1083 1194
1084 651 141
1086 176 5
1087 65 4
1088 92 76
1090 284
1092 569
1098 263
1099 9
1100 300
1101 800
1102 6 3 4 59 5
1103 1 42 88 1027
1108 1071
1109 653
1110 67 27
1111 433 423 446 444 421 425 419 440 442 443 428 430 422 427 438 426 435 424 439 429 445 434 437 420 441 436 432 431
1113 52
1115 1305
1117 31
1118 29
1119 24
1120 898
1122 29
1124 568
1125 56 819
1126 68 85 102 104 95 97 69 103 83 101 65 105 81 106 66 92 86 99 62 96 73 84 75 67 63 98 82 94 79 71 76 70 91 64 74 78 100 80 89 93 87 72 88 90 77
1127 285
1129 24 269
1131 29 212
1132 25 259
1134 51
1135 61 26
1136 28 292
1137 29 146
1138 47 16
1139 29 917
1140 29 745
1141 29 1344
1142 66 125
1144 1382
1147 944
1148 25
1150 24 63
1151 95 219 246 136 26 73 53 200 114 36 257 185 130 192 118 199 259 264 119 307 266 353 105 354 106 349 180 225 366 40 301 94 32 356 371 100 208 367 360 25 54 45 28 141 329 98 38 255 214 184 285 357 52 168 361 110 310 179 247 230 181 249 46 154 60 245 204 338 129 273 155 227 172 288 228 87 191 261 297 55 256 30 370 281 167 86 61 144 284 84 165 190 226 50 149 35 97 348 101 207 242 198 339 212 22 232 342 241 178 33 317 244 171 112 197 223 308 341 78 352 303 77 305 85 321 243 265 147 324 345 209 196 316 140 67 111 71 347 76 64 205 289 362 250 320 126 254 93 325 68 133 128 135 368 233 332 350 334 125 231 267 113 216 364 365 151 62 276 143 318 63 298 150 27 117 274 159 210 372 157 138 330 272 355 344 206 102 262 176 116 65 218 258 336 340 43 319 236 260 280 309 47 221 270 182 337 104 327 115 139 253 299 271 96 194 56 170 331 229 275 211 57 148 69 252 283 121 279 234 222 346 75 322 186 123 127 21 58 80 20 158 120 313 103 248 263 295 23 217 92 335 201 34 79 137 51 109 173 286 153 107 145 294 169 315 89 90 240 160 24 131 202 293 195 174 31 183 177 59 49 37 124 220 312 304 300 239 282 290 302 161 189 42 235 369 88 72 238 162 343 351 215 83 287 323 66 251 358 277 213 187 311 142 269 175 82 48 91 224 291 74 326 166 333 278 134 306 359 363 237 152 296 328 81 163 156 99 146 193 29 41 132 203 39 292 70 164 314 268 122 44 188 108
1152 170
1153 73
1154 71
1155 44
1157 333 336 340 337 29 335 339 334 338 332
1160 29 173
1161 86 26
1163 3 11
1172 2
1174 11
1175 77
1179 1034
1180 1056
1183 772
1184 776
1185 783
1186 795
1187 578
1188 640
1189 1 650
1190 1 661
1191 665 1
1192 672 1
1193 1 675
1194 679 1
1195 1 329
1196 339 1
1197 350 1
1198 361
1199 1
1200 159
1201 1 168
1202 179 1
1207 99
1208 75
1210 1076
1212 1
1213 761
1214 842
1215 591
1216 596
1217 400
1218 410
1219 420
1220 440
1221 297
1222 143
1223 170
1224 185
1226 76
1227 940
1228 957
1230 833
1231 844
1232 855
1233 861
1234 872
1235 877
1236 610
1237 645
1239 547
1240 449
1243 313
1244 321
1245 189
1248 119
1249 141
1250 145
1251 1
1252 43 161
1253 882
1254 901
1256 801
1258 721
1259 730
1260 741
1261 659
1262 667
1263 751
1264 587
1265 607
1266 615
1267 504
1269 517
1270 429
1271 437
1272 451
1273 334
1275 252
1276 257
1277 193
1278 92
1279 1
1280 13
1281 27
1282 49
1283 494 29
1284 501 29
1286 633
1287 602
1288 1067
1294 753
1297 32
1298 2 422
1299 520 29
1300 1312
1303 139 278
1306 931 23
1308 21 336
1309 169 12
1312 626
1314 1390 23
1315 20 440
1317 26
1319 21
1320 495
1321 9 4
1324 1
1326 32 1203
1327 662 8
1329 104 8
1330 590
1331 69
1332 1228
1335 1024
1337 1014
1343 1050
1345 465 219 393 446 383 246 485 419 468 475 443 200 257 438 185 192 512 447 199 259 381 452 264 507 307 266 353 476 354 409 440 349 180 225 499 506 366 301 356 439 371 459 208 367 360 471 516 463 416 480 484 329 255 214 184 285 357 429 445 497 403 168 398 500 361 310 179 247 423 230 181 466 451 517 249 464 514 245 204 338 389 273 227 172 288 228 191 261 482 418 444 297 461 256 370 281 167 284 494 515 165 190 226 188 472 453 462 479 501 431 348 207 242 198 339 212 404 232 342 241 386 178 503 317 493 244 171 197 426 223 435 474 424 308 415 341 508 352 303 408 407 305 457 321 243 265 324 502 469 345 209 378 196 316 487 377 427 498 347 504 496 362 205 289 250 320 411 437 254 460 325 421 368 428 430 449 233 413 332 350 387 488 334 231 267 458 216 364 365 276 382 318 298 375 274 210 372 330 272 470 391 355 344 206 262 176 218 442 376 258 513 336 340 319 236 260 280 309 477 396 388 221 270 182 337 374 379 327 253 399 299 510 271 194 492 417 394 397 170 331 441 229 275 211 252 283 390 279 234 222 346 322 186 473 401 450 434 395 392 478 313 248 509 263 295 425 217 483 335 201 173 286 373 294 169 315 505 420 456 240 448 202 293 195 400 174 183 177 410 422 220 312 304 300 239 282 290 518 302 189 486 235 369 238 343 351 215 287 405 385 323 251 358 277 481 490 213 455 187 311 414 269 175 224 511 291 384 326 166 333 278 306 359 363 237 296 406 328 433 489 454 519 412 380 193 203 495 491 292 402 314 467 268 436 432
1359 6 10 2 3 8 7 9 4 12 11 5
1360 590 16
1363 214 98
1364 247 248 243 252 230 242 246 249 253 232 251 241 234 245 233 236 244 226 250 239 227 231 228 235 229 237 238 240
1365 1
1366 1294
1367 494 18
1368 233 14
1370 7 228
1371 628
1373 360
1374 32 388
1376 23
1377 761 25
1379 227 221 219 220 222 225 226 218 223 224 25 217
1383 504
1384 91 3
1385 527
1386 1245
1388 47 96
1389 192 36
1390 109 25
1391 31 190 189 185 187 192 193 194 191 186 188
1393 570 19
1394 387 27
1395 32 275
1396 41 13
1398 3
1399 3
