204,0,420
205,421,710
2,1132,786
619,1919,448
1024,2368,329
361,2698,610
407,3309,555
4259,3865,34
1634,3900,34
337,3935,824
1306,4760,170
1205,4931,585
1061,5517,208
1569,5726,285
1327,6012,124
2275,6137,38
83,6176,301
1493,6478,211
64,6690,628
2058,7319,144
2997,7464,18
734,7483,246
1202,7730,682
202,8413,136
343,8550,719
217,9270,1704
218,10975,839
3461,11815,18
6785,11834,18
18,11853,576
296,12430,985
6786,13416,18
6787,13435,18
123,13454,1369
277,14824,669
534,15494,471
492,15966,414
406,16381,521
124,16903,2468
1259,19372,180
1603,19553,299
1047,19853,162
1847,20016,83
968,20100,211
906,20312,183
1533,20496,120
1163,20617,516
228,21134,1928
1339,23063,223
883,23287,98
469,23386,704
3320,24091,41
46,24133,873
1987,25007,141
1115,25149,181
5693,25331,21
684,25353,681
94,26035,837
200,26873,401
1817,27275,176
2285,27452,30
127,27483,928
390,28412,490
423,28903,710
2585,29614,118
6788,29733,48
1139,29782,200
507,29983,474
754,30458,528
5200,30987,55
142,31043,1006
446,32050,735
861,32786,331
487,33118,435
628,33554,565
30,34120,868
25,34989,224
2542,35214,46
6,35261,399
910,35661,137
3942,35799,40
8,35840,1027
54,36868,3008
3601,39877,39
5695,39917,31
417,39949,318
1571,40268,70
6789,40339,40
903,40380,155
111,40536,399
222,40936,165
1659,41102,20
6790,41123,77
6791,41201,30
879,41232,115
1427,41348,217
1128,41566,259
1018,41826,465
132,42292,1454
52,43747,624
310,44372,183
113,44556,872
6792,45429,20
5128,45450,52
813,45503,577
527,46081,147
1873,46229,121
1771,46351,119
9,46471,765
1621,47237,214
1939,47452,41
478,47494,397
907,47892,158
737,48051,238
182,48290,705
135,48996,213
244,49210,164
2708,49375,30
1087,49406,149
3678,49556,20
19,49577,765
1715,50343,171
727,50515,649
849,51165,264
477,51430,665
398,52096,659
967,52756,356
1331,53113,200
1474,53314,99
1999,53414,49
379,53464,357
375,53822,222
1508,54045,278
5852,54324,57
229,54382,240
1408,54623,201
230,54825,138
1622,54964,66
23,55031,2141
590,57173,401
549,57575,586
61,58162,552
2176,58715,60
425,58776,143
101,58920,192
702,59113,448
1595,59562,84
1640,59647,86
1570,59734,55
1471,59790,203
1717,59994,102
70,60097,795
160,60893,814
943,61708,101
384,61810,328
827,62139,128
1555,62268,85
162,62354,298
525,62653,942
20,63596,786
2024,64383,88
552,64472,371
171,64844,751
3506,65596,42
259,65639,220
50,65860,1120
370,66981,347
4609,67329,109
1561,67439,415
360,67855,192
997,68048,475
4827,68524,50
58,68575,151
57,68727,1108
264,69836,21
262,69858,270
321,70129,262
189,70392,433
1876,70826,143
415,70970,208
1009,71179,195
1432,71375,347
1504,71723,19
840,71743,171
68,71915,757
355,72673,107
1285,72781,41
6793,72823,19
1566,72843,246
647,73090,113
3526,73204,62
857,73267,563
1169,73831,171
325,74003,85
139,74089,314
6794,74404,20
1469,74425,73
905,74499,304
2740,74804,31
1710,74836,120
1578,74957,307
231,75265,588
1752,75854,83
633,75938,659
2421,76598,89
6103,76688,31
1208,76720,53
924,76774,104
122,76879,1109
289,77989,628
746,78618,255
376,78874,58
55,78933,1650
741,80584,497
599,81082,28
577,81111,262
352,81374,606
933,81981,81
426,82063,396
158,82460,523
1546,82984,147
5337,83132,29
966,83162,166
163,83329,601
539,83931,347
1257,84279,162
1336,84442,59
1381,84502,265
912,84768,258
5726,85027,29
1158,85057,268
2783,85326,66
450,85393,166
1685,85560,60
249,85621,264
1288,85886,52
2283,85939,192
2751,86132,75
882,86208,262
102,86471,797
766,87269,285
1564,87555,220
378,87776,1198
784,88975,60
773,89036,203
3564,89240,118
1035,89359,52
2643,89412,100
1337,89513,134
138,89648,1019
890,90668,88
695,90757,324
3968,91082,20
4919,91103,47
588,91151,19
88,91171,269
2103,91441,100
693,91542,275
73,91818,1702
74,93521,846
730,94368,367
634,94736,82
3865,94819,40
6795,94860,19
2125,94880,83
537,94964,116
4003,95081,42
2447,95124,19
75,95144,1089
183,96234,1253
1073,97488,360
1181,97849,154
1516,98004,176
187,98181,1397
199,99579,963
90,100543,564
736,101108,116
38,101225,192
319,101418,485
320,101904,693
1,102598,1137
80,103736,1550
81,105287,916
155,106204,1213
243,107418,490
326,107909,74
1611,107984,170
1275,108155,160
1416,108316,94
769,108411,39
6796,108451,19
3803,108471,52
282,108524,896
815,109421,187
387,109609,267
188,109877,73
735,109951,233
1811,110185,61
3573,110247,19
6797,110267,19
5936,110287,40
386,110328,116
1097,110445,138
140,110584,765
1644,111350,115
1193,111466,324
823,111791,135
4065,111927,30
523,111958,40
3354,111999,19
109,112019,499
298,112519,615
1140,113135,138
1005,113274,40
22,113315,310
1401,113626,246
69,113873,165
288,114039,117
532,114157,537
663,114695,223
227,114919,790
2690,115710,42
2538,115753,76
743,115830,267
203,116098,204
3268,116303,51
923,116355,157
4043,116513,62
481,116576,274
6019,116851,46
677,116898,71
499,116970,60
929,117031,59
6156,117091,19
615,117111,115
540,117227,204
6341,117432,41
2399,117474,226
574,117701,117
4568,117819,237
3527,118057,59
6798,118117,19
1852,118137,73
708,118211,116
1609,118328,202
27,118531,217
646,118749,123
2226,118873,84
1023,118958,423
468,119382,476
159,119859,300
106,120160,723
5973,120884,152
2907,121037,44
846,121082,384
1112,121467,73
1526,121541,301
1384,121843,30
1046,121874,313
2206,122188,123
3430,122312,154
6799,122467,19
372,122487,100
3842,122588,19
103,122608,420
6800,123029,19
2463,123049,351
1173,123401,132
309,123534,125
729,123660,1028
1709,124689,97
1134,124787,42
4035,124830,76
584,124907,331
338,125239,480
422,125720,114
126,125835,552
643,126388,103
467,126492,334
2269,126827,51
6801,126879,31
956,126911,525
1670,127437,100
6628,127538,23
859,127562,99
680,127662,422
546,128085,390
3032,128476,60
1589,128537,174
841,128712,159
842,128872,82
2333,128955,89
1267,129045,113
1981,129159,22
328,129182,371
6802,129554,20
4900,129575,30
1950,129606,86
4901,129693,49
6626,129743,20
1750,129764,272
21,130037,962
1594,131000,229
836,131230,334
868,131565,80
1565,131646,125
270,131772,136
2944,131909,19
1283,131929,61
3797,131991,74
1650,132066,48
4134,132115,55
71,132171,561
1648,132733,91
301,132825,43
302,132869,40
303,132910,29
4454,132940,86
5119,133027,444
1017,133472,951
254,134424,310
427,134735,306
442,135042,85
359,135128,61
3126,135190,29
1843,135220,264
449,135485,130
1400,135616,229
1197,135846,137
451,135984,464
1975,136449,40
149,136490,552
6803,137043,19
550,137063,393
954,137457,153
794,137611,155
1676,137767,53
965,137821,470
15,138292,437
33,138730,342
609,139073,61
141,139135,96
607,139232,180
926,139413,176
2570,139590,96
1816,139687,61
927,139749,127
136,139877,417
476,140295,255
2762,140551,95
5607,140647,34
1512,140682,41
6804,140724,20
348,140745,157
1201,140903,240
5949,141144,324
6309,141469,20
1367,141490,93
6805,141584,19
622,141604,301
330,141906,119
263,142026,452
3254,142479,112
572,142592,59
1380,142652,101
2869,142754,19
4541,142774,19
2903,142794,95
3181,142890,19
470,142910,18
367,142929,533
6285,143463,44
6434,143508,40
1170,143549,71
165,143621,193
1768,143815,50
6806,143866,19
4545,143886,49
2126,143936,40
661,143977,216
851,144194,114
1295,144309,105
286,144415,472
97,144888,119
1524,145008,93
700,145102,216
510,145319,318
3263,145638,144
508,145783,413
1465,146197,618
5941,146816,580
1704,147397,172
5473,147570,158
6253,147729,19
2439,147749,63
2568,147813,120
5963,147934,102
6807,148037,19
2644,148057,138
1398,148196,208
612,148405,248
391,148654,116
2104,148771,30
281,148802,314
556,149117,198
1122,149316,152
1171,149469,129
118,149599,458
420,150058,94
1383,150153,19
1736,150173,152
393,150326,243
1612,150570,137
4768,150708,43
6808,150752,19
3872,150772,42
2066,150815,108
1127,150924,192
190,151117,670
799,151788,188
938,151977,82
2117,152060,30
2653,152091,44
405,152136,313
2380,152450,20
110,152471,713
5135,153185,31
1980,153217,110
1429,153328,234
699,153563,997
186,154561,508
3722,155070,42
5888,155113,115
5889,155229,84
1077,155314,122
1319,155437,108
2904,155546,66
6809,155613,29
6630,155643,19
1312,155663,131
2123,155795,78
6810,155874,19
1230,155894,85
3992,155980,52
692,156033,98
1152,156132,149
115,156282,398
6281,156681,29
1698,156711,41
553,156753,124
179,156878,537
6051,157416,29
413,157446,18
712,157465,309
6811,157775,19
958,157795,74
884,157870,49
839,157920,137
1184,158058,143
271,158202,159
986,158362,18
473,158381,63
112,158445,952
870,159398,104
1604,159503,119
3059,159623,105
3490,159729,174
1167,159904,131
5950,160036,93
3688,160130,29
1264,160160,61
6189,160222,30
1265,160253,62
1119,160316,171
6564,160488,30
575,160519,92
394,160612,168
6812,160781,31
307,160813,40
3599,160854,61
6430,160916,44
475,160961,304
28,161266,736
1527,162003,166
6329,162170,32
2216,162203,29
2043,162233,187
1003,162421,82
5114,162504,32
1179,162537,54
34,162592,333
1492,162926,214
317,163141,892
4029,164034,19
6813,164054,50
261,164105,82
1054,164188,72
3020,164261,94
2082,164356,221
1433,164578,94
1741,164673,157
2209,164831,61
655,164893,151
1385,165045,128
611,165174,68
5555,165243,33
6701,165277,28
430,165306,165
3323,165472,19
6814,165492,19
483,165512,310
1316,165823,19
6815,165843,53
6816,165897,19
6817,165917,19
871,165937,134
1187,166072,188
1223,166261,207
2266,166469,85
637,166555,196
3361,166752,103
2264,166856,111
5468,166968,41
2286,167010,73
3042,167084,40
1114,167125,63
1829,167189,281
995,167471,258
1209,167730,113
1422,167844,126
3913,167971,20
184,167992,389
3479,168382,122
3769,168505,75
193,168581,203
297,168785,396
3518,169182,20
1028,169203,175
6818,169379,19
928,169399,195
689,169595,51
175,169647,85
6819,169733,32
2573,169766,127
781,169894,234
191,170129,1207
1678,171337,62
353,171400,203
617,171604,85
121,171690,449
157,172140,328
820,172469,143
274,172613,306
1743,172920,140
35,173061,82
733,173144,80
873,173225,169
2349,173395,105
716,173501,63
1350,173565,70
6634,173636,84
1001,173721,237
1539,173959,588
832,174548,306
710,174855,234
443,175090,210
1543,175301,74
3868,175376,71
2537,175448,41
6820,175490,19
177,175510,536
3389,176047,123
996,176171,426
919,176598,263
6821,176862,19
3971,176882,40
129,176923,520
146,177444,210
324,177655,450
6822,178106,19
3331,178126,29
6390,178156,30
6823,178187,19
3849,178207,63
589,178271,474
1486,178746,93
1124,178840,139
1037,178980,152
6824,179133,19
992,179153,78
5857,179232,30
985,179263,85
5215,179349,19
948,179369,136
3826,179506,63
1803,179570,64
1272,179635,162
4918,179798,55
2854,179854,19
4765,179874,39
1056,179914,130
1044,180045,150
1394,180196,188
1657,180385,63
1542,180449,132
3859,180582,31
447,180614,141
1728,180756,72
5063,180829,30
4168,180860,60
3195,180921,348
14,181270,378
4046,181649,31
2177,181681,72
1254,181754,107
6264,181862,31
285,181894,152
1991,182047,31
877,182079,318
1587,182398,31
847,182430,699
60,183130,249
1129,183380,173
6825,183554,19
554,183574,368
3160,183943,51
533,183995,52
6263,184048,23
2658,184072,81
2268,184154,102
920,184257,120
3289,184378,104
1538,184483,71
327,184555,94
6826,184650,19
6827,184670,40
341,184711,525
6077,185237,40
6405,185278,29
1568,185308,97
24,185406,50
1043,185457,107
77,185565,181
631,185747,113
6828,185861,20
1088,185882,52
6629,185935,20
474,185956,131
1137,186088,100
260,186189,149
1799,186339,97
731,186437,51
2067,186489,24
519,186514,389
762,186904,544
770,187449,67
918,187517,110
479,187628,50
4277,187679,30
432,187710,128
2356,187839,72
2441,187912,116
3993,188029,40
632,188070,339
2171,188410,30
2666,188441,30
6829,188472,29
461,188502,117
810,188620,204
6830,188825,19
6831,188845,19
2049,188865,48
147,188914,360
174,189275,176
941,189452,270
47,189723,70
988,189794,105
6336,189900,19
587,189920,105
6832,190026,30
3294,190057,61
4575,190119,29
500,190149,113
2545,190263,62
515,190326,138
1551,190465,19
3202,190485,19
790,190505,113
1282,190619,140
3960,190760,23
1522,190784,193
3778,190978,56
942,191035,104
1395,191140,115
908,191256,110
4109,191367,29
1287,191397,72
660,191470,85
1737,191556,19
990,191576,168
2892,191745,30
1588,191776,94
295,191871,78
1625,191950,60
653,192011,307
293,192319,96
1135,192416,64
2696,192481,212
978,192694,194
4933,192889,31
6833,192921,20
1525,192942,84
4392,193027,54
3612,193082,45
1279,193128,49
345,193178,358
363,193537,150
454,193688,576
4279,194265,50
1172,194316,94
2864,194411,19
1614,194431,125
2559,194557,40
2619,194598,50
178,194649,425
1372,195075,100
2248,195176,55
225,195232,146
791,195379,335
509,195715,108
6282,195824,19
1851,195844,30
2402,195875,71
332,195947,18
6834,195966,19
6294,195986,39
137,196026,556
3653,196583,62
3791,196646,42
1869,196689,136
29,196826,49
6835,196876,41
854,196918,129
79,197048,162
821,197211,321
1325,197533,76
2302,197610,72
2787,197683,29
6836,197713,29
5618,197743,29
3559,197773,147
703,197921,28
496,197950,253
666,198204,406
6837,198611,24
1875,198636,137
2139,198774,59
4490,198834,51
1188,198886,133
1826,199020,100
6838,199121,19
76,199141,113
1016,199255,185
792,199441,169
6839,199611,19
1195,199631,224
696,199856,61
1518,199918,62
1041,199981,239
1269,200221,50
3925,200272,39
1808,200312,141
2852,200454,40
2589,200495,31
2682,200527,110
1888,200638,33
1442,200672,120
3418,200793,29
1151,200823,44
610,200868,18
1178,200887,50
1058,200938,88
1220,201027,72
1767,201100,71
5323,201172,19
377,201192,444
4072,201637,40
4173,201678,19
565,201698,450
719,202149,583
1548,202733,79
3664,202813,49
5965,202863,88
1501,202952,403
2146,203356,345
6840,203702,19
3237,203722,19
1276,203742,108
6841,203851,41
6842,203893,19
897,203913,144
5243,204058,105
5843,204164,124
2384,204289,39
6347,204329,19
793,204349,50
2657,204400,77
2021,204478,159
36,204638,28
62,204667,428
3963,205096,124
652,205221,119
6784,205341,31
644,205373,66
185,205440,156
866,205597,183
789,205781,189
3056,205971,24
801,205996,156
1954,206153,53
6843,206207,20
314,206228,55
1085,206284,84
1466,206369,60
2265,206430,144
3164,206575,33
336,206609,26
6844,206636,35
6845,206672,19
6846,206692,19
98,206712,81
6357,206794,19
6359,206814,29
538,206844,110
6847,206955,19
1793,206975,74
649,207050,647
3303,207698,24
251,207723,153
290,207877,407
2642,208285,31
5146,208317,20
6848,208338,20
6849,208359,31
1237,208391,99
6066,208491,36
720,208528,175
567,208704,166
1251,208871,81
2314,208953,46
448,209000,145
3285,209146,32
826,209179,51
744,209231,210
6850,209442,20
5879,209463,30
616,209494,62
1732,209557,31
1884,209589,34
2353,209624,90
1021,209715,90
1215,209806,20
329,209827,299
2861,210127,148
6851,210276,29
4293,210306,19
6852,210326,29
6853,210356,19
6137,210376,19
2467,210396,19
6854,210416,19
6855,210436,19
2839,210456,19
6856,210476,19
4879,210496,29
2601,210526,40
1467,210567,108
5909,210676,103
747,210780,139
1745,210920,136
1556,211057,19
1787,211077,132
5156,211210,53
638,211264,275
1823,211540,73
2157,211614,120
291,211735,266
535,212002,80
4339,212083,30
3544,212114,30
819,212145,60
2459,212206,31
43,212238,2025
4123,214264,29
4367,214294,72
2087,214367,60
601,214428,244
53,214673,236
6233,214910,50
513,214961,512
863,215474,82
1019,215557,129
366,215687,157
12,215845,895
85,216741,492
885,217234,21
4416,217256,19
252,217276,344
1315,217621,164
3618,217786,55
5961,217842,145
6725,217988,50
4155,218039,19
6637,218059,29
2502,218089,29
1175,218119,155
2660,218275,34
5236,218310,19
150,218330,119
212,218450,115
3190,218566,19
1144,218586,61
1529,218648,29
5235,218678,52
989,218731,465
10,219197,288
1192,219486,65
2629,219552,48
858,219601,314
558,219916,137
2073,220054,89
4547,220144,20
6857,220165,35
269,220201,163
1596,220365,48
772,220414,117
4767,220532,41
630,220574,271
563,220846,215
656,221062,144
374,221207,209
915,221417,172
2935,221590,42
1222,221633,249
340,221883,147
3610,222031,26
1537,222058,77
351,222136,48
1030,222185,98
682,222284,66
16,222351,251
6858,222603,27
5391,222631,40
1164,222672,43
3533,222716,29
265,222746,206
2030,222953,123
2936,223077,39
1908,223117,144
2350,223262,20
6558,223283,20
3128,223304,30
5472,223335,20
6859,223356,65
2482,223422,64
4677,223487,20
4571,223508,31
6860,223540,30
6861,223571,20
95,223592,71
1540,223664,52
623,223717,61
1421,223779,152
2758,223932,46
2850,223979,71
3692,224051,34
2552,224086,75
721,224162,44
1574,224207,144
2546,224352,34
357,224387,84
3246,224472,86
945,224559,43
1840,224603,111
676,224715,326
128,225042,970
2799,226013,77
3142,226091,88
198,226180,434
389,226615,182
44,226798,1771
4130,228570,41
2016,228612,148
1221,228761,119
125,228881,301
5170,229183,30
6862,229214,20
6863,229235,20
1008,229256,242
2911,229499,121
822,229621,228
1597,229850,42
2172,229893,134
272,230028,96
825,230125,62
3277,230188,63
993,230252,66
569,230319,72
1623,230392,31
2858,230424,76
1404,230501,186
250,230688,110
6432,230799,20
2068,230820,41
984,230862,182
216,231045,339
3247,231385,30
5312,231416,20
6621,231437,20
409,231458,88
2432,231547,131
6864,231679,20
213,231700,40
6865,231741,19
6368,231761,19
6471,231781,22
6866,231804,19
255,231824,50
629,231875,142
3870,232018,72
4312,232091,19
1301,232111,19
1113,232131,62
1692,232194,19
4412,232214,29
2621,232244,31
6867,232276,20
2145,232297,97
6868,232395,19
4362,232415,19
1271,232435,61
65,232497,683
2749,233181,61
1629,233243,137
6869,233381,19
2867,233401,71
6870,233473,19
4566,233493,150
1318,233644,41
3989,233686,49
2884,233736,49
1769,233786,19
2510,233806,55
3638,233862,32
2028,233895,91
2507,233987,50
4439,234038,31
369,234070,436
1365,234507,30
1130,234538,66
860,234605,30
959,234636,109
3162,234746,20
1338,234767,55
6871,234823,20
2114,234844,81
555,234926,267
561,235194,30
2403,235225,49
543,235275,272
2991,235548,62
1196,235611,91
1399,235703,41
6872,235745,29
1101,235775,29
181,235805,189
1774,235995,106
2765,236102,130
6873,236233,29
6874,236263,23
3147,236287,71
756,236359,93
524,236453,67
2633,236521,41
119,236563,134
2166,236698,118
5482,236817,60
551,236878,91
594,236970,173
2965,237144,83
1136,237228,74
501,237303,327
1450,237631,63
6875,237695,19
6876,237715,19
267,237735,77
894,237813,53
624,237867,33
1368,237901,19
6877,237921,19
3820,237941,51
2723,237993,84
2684,238078,83
6878,238162,25
6236,238188,95
6879,238284,19
6880,238304,19
1693,238324,62
6881,238387,19
604,238407,100
4438,238508,19
2202,238528,237
2611,238766,63
6882,238830,19
3006,238850,28
2759,238879,60
2910,238940,20
6883,238961,31
911,238993,84
5491,239078,52
6884,239131,30
837,239162,34
1154,239197,30
6885,239228,20
6886,239249,20
6887,239270,31
1547,239302,151
1109,239454,160
4434,239615,245
1317,239861,102
6523,239964,20
939,239985,56
6888,240042,20
1694,240063,66
114,240130,200
1182,240331,42
970,240374,50
1142,240425,30
5269,240456,20
3566,240477,20
6889,240498,24
2189,240523,55
3580,240579,41
745,240621,23
6890,240645,20
6891,240666,20
3735,240687,41
3952,240729,71
4413,240801,70
6892,240872,20
6893,240893,20
3929,240914,20
6894,240935,20
3135,240956,53
1062,241010,199
403,241210,71
294,241282,49
6895,241332,19
172,241352,50
1885,241403,103
1818,241507,82
26,241590,112
3788,241703,52
671,241756,148
2355,241905,128
1844,242034,218
6342,242253,23
6030,242277,19
6896,242297,19
3486,242317,41
2326,242359,74
2528,242434,59
1117,242494,98
201,242593,326
2499,242920,76
506,242997,103
3106,243101,31
6897,243133,24
2560,243158,41
6343,243200,20
2500,243221,73
5341,243295,41
2811,243337,20
362,243358,210
4496,243569,49
6898,243619,30
1964,243650,19
1979,243670,30
1933,243701,19
2631,243721,19
300,243741,241
6899,243983,22
6900,244006,19
6901,244026,19
4878,244046,19
6902,244066,19
6469,244086,43
6903,244130,19
6904,244150,19
2115,244170,60
87,244231,114
6905,244346,19
6906,244366,20
2329,244387,155
3614,244543,31
2181,244575,34
6907,244610,20
4436,244631,104
494,244736,167
1901,244904,105
635,245010,70
1457,245081,81
4437,245163,19
1157,245183,220
626,245404,22
365,245427,18
5420,245446,20
3554,245467,102
3562,245570,62
728,245633,74
3210,245708,31
937,245740,198
1675,245939,92
576,246032,123
962,246156,237
2208,246394,122
133,246517,126
1311,246644,29
981,246674,230
1083,246905,31
973,246937,84
1855,247022,300
6312,247323,19
4116,247343,19
3540,247363,29
3231,247393,71
2734,247465,40
412,247506,48
1027,247555,85
5004,247641,19
1832,247661,31
980,247693,38
6908,247732,19
472,247752,36
1437,247789,90
2913,247880,60
522,247941,65
6132,248007,19
1396,248027,20
726,248048,82
436,248131,264
6909,248396,20
4108,248417,20
278,248438,29
6910,248468,20
6911,248489,20
774,248510,230
1410,248741,83
3156,248825,20
6912,248846,20
215,248867,30
686,248898,69
1886,248968,104
1040,249073,57
6913,249131,19
6650,249151,39
6914,249191,19
1436,249211,65
2419,249277,34
6915,249312,19
4165,249332,19
3288,249352,30
6916,249383,19
4048,249403,20
1802,249424,30
6917,249455,31
2562,249487,20
6686,249508,40
4764,249549,50
2064,249600,70
664,249671,51
1653,249723,76
640,249800,42
547,249843,118
4792,249962,19
6918,249982,19
6919,250002,19
2300,250022,30
707,250053,175
530,250229,114
5484,250344,19
2591,250364,120
400,250485,61
3699,250547,20
4406,250568,41
6920,250610,20
105,250631,124
946,250756,77
1558,250834,20
2228,250855,44
6921,250900,29
1458,250930,43
232,250974,463
1801,251438,165
3917,251604,57
206,251662,535
2037,252198,19
1289,252218,29
396,252248,98
5196,252347,58
3031,252406,110
3025,252517,41
3166,252559,65
3440,252625,30
3026,252656,50
1705,252707,135
3850,252843,19
2045,252863,87
1456,252951,40
2341,252992,61
2277,253054,47
2165,253102,30
6922,253133,41
276,253175,138
777,253314,32
2460,253347,78
1700,253426,109
143,253536,94
3648,253631,30
6923,253662,20
6924,253683,20
2813,253704,20
1150,253725,98
2339,253824,59
6925,253884,20
6926,253905,24
6927,253930,20
6928,253951,20
4649,253972,20
6398,253993,20
404,254014,70
1210,254085,191
6929,254277,24
1440,254302,35
2344,254338,24
3236,254363,42
3704,254406,67
3864,254474,40
3866,254515,30
458,254546,119
1424,254666,162
3491,254829,31
4,254861,993
1613,255855,221
521,256077,28
6930,256106,30
6931,256137,19
2963,256157,193
156,256351,29
2915,256381,147
838,256529,198
3755,256728,40
2458,256769,113
2456,256883,159
2113,257043,83
932,257127,114
2503,257242,29
5859,257272,19
1475,257292,152
2154,257445,60
7,257506,278
5,257785,165
865,257951,178
4716,258130,193
6932,258324,57
144,258382,102
3754,258485,78
5439,258564,77
683,258642,295
2150,258938,69
1819,259008,51
2039,259060,112
1253,259173,205
4532,259379,87
2118,259467,52
6933,259520,156
59,259677,199
3725,259877,128
11,260006,132
32,260139,174
1487,260314,31
1550,260346,72
1258,260419,83
1488,260503,186
2659,260690,68
1795,260759,123
828,260883,111
2549,260995,41
1895,261037,189
6934,261227,22
1591,261250,126
2667,261377,49
3976,261427,29
687,261457,210
4621,261668,40
6935,261709,19
6936,261729,19
5810,261749,63
3900,261813,86
6937,261900,22
3537,261923,30
6938,261954,19
2055,261974,107
1080,262082,61
2155,262144,30
6939,262175,20
1302,262196,70
6940,262267,20
1428,262288,169
2071,262458,58
1584,262517,20
6941,262538,32
5427,262571,32
4595,262604,47
6942,262652,22
1241,262675,19
1242,262695,75
428,262771,50
6943,262822,30
5777,262853,19
1206,262873,39
1225,262913,20
6944,262934,20
1240,262955,112
3608,263068,53
2920,263122,52
6945,263175,24
3997,263200,20
6946,263221,20
334,263242,229
2203,263472,30
1068,263503,62
148,263566,30
2426,263597,20
3308,263618,79
1286,263698,40
1520,263739,324
1952,264064,97
904,264162,337
4404,264500,20
6947,264521,20
304,264542,72
170,264615,69
6948,264685,20
3368,264706,20
6949,264727,30
1262,264758,91
5489,264850,31
2699,264882,60
2848,264943,44
1224,264988,144
6043,265133,109
3943,265243,19
63,265263,268
2319,265532,19
2817,265552,29
2782,265582,51
6636,265634,19
583,265654,65
408,265720,225
368,265946,61
1824,266008,161
1329,266170,41
1377,266212,30
3469,266243,72
3639,266316,20
2217,266337,31
3113,266369,131
5845,266501,24
1911,266526,30
5505,266557,30
6950,266588,19
3970,266608,19
1324,266628,87
2116,266716,29
6951,266746,19
5944,266766,55
4281,266822,30
3349,266853,41
6952,266895,65
6953,266961,70
6954,267032,19
5654,267052,30
3399,267083,29
161,267113,189
6955,267303,78
5448,267382,146
605,267529,65
151,267595,90
2009,267686,93
2289,267780,82
2613,267863,90
3185,267954,29
397,267984,94
1228,268079,29
6956,268109,29
4066,268139,23
1530,268163,45
465,268209,136
6302,268346,19
2207,268366,51
67,268418,467
72,268886,450
1116,269337,31
6957,269369,20
6958,269390,20
3138,269411,31
796,269443,136
4845,269580,28
1226,269609,114
2214,269724,30
6959,269755,31
1093,269787,95
833,269883,114
6960,269998,20
2909,270019,20
4148,270040,20
2442,270061,55
3145,270117,30
4371,270148,20
6961,270169,20
333,270190,100
503,270291,125
542,270417,60
4167,270478,20
6962,270499,20
512,270520,125
1779,270646,53
888,270700,19
3062,270720,153
705,270874,171
1697,271046,89
917,271136,152
5307,271289,19
6963,271309,19
1790,271329,30
3363,271360,144
120,271505,102
1557,271608,47
2322,271656,51
6964,271708,30
466,271739,464
1655,272204,184
5683,272389,48
3986,272438,57
5022,272496,20
6317,272517,31
56,272549,59
952,272609,197
6965,272807,20
881,272828,721
173,273550,29
564,273580,155
3420,273736,39
1060,273776,19
130,273796,258
131,274055,217
5670,274273,40
1513,274314,86
17,274401,425
5798,274827,29
1026,274857,188
6966,275046,20
6967,275067,20
4683,275088,20
1560,275109,136
6044,275246,20
6968,275267,20
6969,275288,20
2733,275309,20
2955,275330,30
6970,275361,20
2388,275382,30
5164,275413,45
66,275459,308
2232,275768,41
2767,275810,51
1229,275862,103
6971,275966,20
3629,275987,41
1943,276029,20
4597,276050,21
2109,276072,19
2163,276092,52
6362,276145,22
4605,276168,19
84,276188,336
3470,276525,177
3689,276703,19
1391,276723,39
2317,276763,21
6972,276785,22
2614,276808,132
578,276941,75
2786,277017,85
104,277103,63
3460,277167,19
6022,277187,30
6973,277218,19
2452,277238,30
669,277269,355
925,277625,198
6974,277824,20
2550,277845,67
2137,277913,35
4680,277949,53
2053,278003,19
6719,278023,29
560,278053,29
6975,278083,19
5017,278103,19
6367,278123,30
1348,278154,33
1189,278188,102
4681,278291,59
1577,278351,38
224,278390,174
738,278565,109
2342,278675,50
2862,278726,20
6976,278747,20
2555,278768,24
266,278793,69
1298,278863,93
6977,278957,20
5917,278978,48
878,279027,105
2063,279133,103
4701,279237,39
3793,279277,29
4652,279307,19
1273,279327,74
5158,279402,19
6978,279422,19
764,279442,80
6979,279523,22
1212,279546,105
4559,279652,19
273,279672,68
6980,279741,19
1836,279761,64
2895,279826,40
786,279867,154
1363,280022,19
1721,280042,85
1143,280128,19
544,280148,48
2853,280197,19
600,280217,18
1554,280236,93
5954,280330,19
2308,280350,44
2939,280395,105
3683,280501,30
6981,280532,20
6982,280553,20
2389,280574,61
2618,280636,73
6983,280710,20
6984,280731,20
2448,280752,161
2240,280914,96
1106,281011,19
2338,281031,40
3028,281072,41
2215,281114,19
6985,281134,19
6986,281154,19
4917,281174,19
6987,281194,19
4297,281214,19
5364,281234,29
6988,281264,19
6989,281284,19
6990,281304,19
2652,281324,31
582,281356,40
6991,281397,20
1321,281418,20
6992,281439,20
4488,281460,38
3863,281499,28
4393,281528,20
6993,281549,20
6994,281570,24
5897,281595,20
581,281616,39
6995,281656,20
3916,281677,43
4720,281721,49
713,281771,48
1012,281820,99
2977,281920,30
6996,281951,23
1785,281975,98
3477,282074,73
6997,282148,45
5616,282194,33
6998,282228,19
13,282248,624
2135,282873,20
4745,282894,32
4524,282927,20
5104,282948,34
6999,282983,22
4410,283006,63
7000,283070,35
7001,283106,32
7002,283139,19
486,283159,198
4715,283358,32
2036,283391,260
7003,283652,19
5256,283672,19
2553,283692,19
7004,283712,19
3511,283732,55
1247,283788,134
238,283923,69
1602,283993,84
7005,284078,19
7006,284098,20
1867,284119,115
2697,284235,41
3245,284277,31
5701,284309,53
3596,284363,21
2158,284385,84
7007,284470,19
5598,284490,19
706,284510,125
7008,284636,19
3280,284656,20
3343,284677,30
7009,284708,20
445,284729,102
977,284832,78
805,284911,49
5703,284961,20
7010,284982,20
3761,285003,35
3555,285039,20
1856,285060,50
944,285111,51
233,285163,223
7011,285387,30
5415,285418,57
242,285476,32
7012,285509,19
402,285529,220
1340,285750,30
1827,285781,29
1309,285811,116
2034,285928,100
7013,286029,31
78,286061,39
1281,286101,141
2035,286243,63
1292,286307,73
7014,286381,25
5538,286407,38
7015,286446,43
4269,286490,71
438,286562,19
208,286582,70
816,286653,154
3687,286808,41
3204,286850,42
4590,286893,20
602,286914,41
7016,286956,30
7017,286987,31
3295,287019,108
5606,287128,35
1615,287164,53
2927,287218,33
1238,287252,97
725,287350,85
6436,287436,19
7018,287456,19
2371,287476,94
7019,287571,28
7020,287600,39
4535,287640,20
5110,287661,52
7021,287714,20
5603,287735,20
5966,287756,20
7022,287777,30
717,287808,34
776,287843,99
1945,287943,100
1870,288044,71
5053,288116,29
7023,288146,29
7024,288176,19
7025,288196,29
7026,288226,29
7027,288256,29
7028,288286,29
7029,288316,59
7030,288376,29
7031,288406,29
7032,288436,19
1362,288456,178
4772,288635,30
5210,288666,20
7033,288687,20
7034,288708,20
7035,288729,51
1896,288781,41
7036,288823,20
1120,288844,142
7037,288987,19
5764,289007,37
2922,289045,65
1166,289111,149
1029,289261,95
1155,289357,43
6721,289401,34
5521,289436,30
7038,289467,19
7039,289487,19
3034,289507,40
5792,289548,19
2739,289568,20
4492,289589,20
1310,289610,20
3429,289631,141
4624,289773,62
3146,289836,41
5125,289878,44
2270,289923,153
1601,290077,42
3097,290120,40
5698,290161,29
5350,290191,29
3767,290221,67
1204,290289,65
7040,290355,19
2916,290375,61
6026,290437,23
1690,290461,63
1838,290525,56
3101,290582,31
963,290614,30
37,290645,81
4176,290727,93
2032,290821,20
7041,290842,22
1425,290865,44
1397,290910,30
4187,290941,32
1976,290974,89
7042,291064,19
7043,291084,20
7044,291105,20
7045,291126,20
7046,291147,23
2111,291171,19
7047,291191,19
7048,291211,19
7049,291231,19
7050,291251,19
1775,291271,40
7051,291312,19
1277,291332,19
6443,291352,31
485,291384,207
2979,291592,46
7052,291639,24
7053,291664,19
7054,291684,35
7055,291720,19
7056,291740,22
2934,291763,48
380,291812,57
6214,291870,19
7057,291890,29
1619,291920,63
2096,291984,97
7058,292082,19
1909,292102,29
1699,292132,19
3940,292152,19
6280,292172,32
5351,292205,19
2694,292225,39
780,292265,18
7059,292284,19
4019,292304,19
1460,292324,81
2685,292406,98
886,292505,82
913,292588,84
4627,292673,29
592,292703,66
591,292770,32
7060,292803,20
1148,292824,42
382,292867,44
7061,292912,20
5684,292933,24
2743,292958,60
1419,293019,82
1299,293102,56
7062,293159,20
4368,293180,20
2641,293201,60
505,293262,148
381,293411,41
526,293453,48
1326,293502,19
7063,293522,19
1509,293542,55
7064,293598,34
3217,293633,32
1141,293666,19
1268,293686,179
1314,293866,34
2231,293901,59
5549,293961,19
7065,293981,19
6669,294001,19
4857,294021,19
3668,294041,41
5948,294083,20
1677,294104,91
7066,294196,37
5722,294234,19
7067,294254,19
2661,294274,45
7068,294320,20
4181,294341,68
2747,294410,41
7069,294452,20
2185,294473,34
2320,294508,19
625,294528,234
1036,294763,40
2860,294804,30
3089,294835,46
2162,294882,47
2041,294930,20
568,294951,29
7070,294981,31
3196,295013,33
471,295047,97
2634,295145,63
2408,295209,20
3616,295230,49
4458,295280,42
388,295323,269
1332,295593,93
344,295687,187
1330,295875,83
1233,295959,96
536,296056,244
5565,296301,30
785,296332,97
41,296430,101
1261,296532,147
4925,296680,19
1714,296700,20
740,296721,29
2098,296751,41
694,296793,30
100,296824,29
1913,296854,39
1168,296894,125
1039,297020,130
2446,297151,81
4300,297233,53
880,297287,254
7071,297542,19
6052,297562,29
284,297592,79
6108,297672,29
3569,297702,41
1145,297744,76
1672,297821,45
5044,297867,21
3790,297889,25
7072,297915,22
7073,297938,22
3037,297961,47
2632,298009,19
976,298029,38
4923,298068,41
4779,298110,19
7074,298130,19
5361,298150,30
1780,298181,41
4676,298223,52
7075,298276,20
7076,298297,20
3871,298318,31
1531,298350,93
7077,298444,20
7078,298465,20
3766,298486,20
7079,298507,20
2986,298528,20
657,298549,38
3099,298588,51
7080,298640,19
2227,298660,23
1356,298684,58
350,298743,105
1468,298849,30
2474,298880,20
1235,298901,77
596,298979,40
6519,299020,35
651,299056,96
1186,299153,234
358,299388,21
7081,299410,19
1510,299430,23
2531,299454,45
1773,299500,19
3828,299520,30
6025,299551,45
895,299597,29
7082,299627,19
5916,299647,52
2197,299700,39
7083,299740,19
613,299760,70
1409,299831,71
1661,299903,19
5945,299923,19
7084,299943,29
641,299973,62
3962,300036,19
3067,300056,29
5282,300086,19
490,300106,119
5455,300226,20
7085,300247,20
4133,300268,30
51,300299,92
2138,300392,49
1102,300442,74
3269,300517,29
1234,300547,20
7086,300568,20
2359,300589,41
4203,300631,20
4017,300652,68
7087,300721,20
3731,300742,20
3848,300763,62
214,300826,102
3881,300929,47
3814,300977,22
606,301000,72
5493,301073,19
994,301093,32
3959,301126,69
7088,301196,22
3318,301219,85
930,301305,39
6024,301345,34
1091,301380,231
245,301612,96
7089,301709,20
2940,301730,41
7090,301772,26
5964,301799,19
1969,301819,40
7091,301860,19
239,301880,50
2106,301931,19
7092,301951,19
4050,301971,63
7093,302035,20
2558,302056,24
3998,302081,20
1053,302102,20
4298,302123,19
7094,302143,19
2042,302163,60
2608,302224,84
2128,302309,30
867,302340,117
4797,302458,30
685,302489,46
1213,302536,137
7095,302674,19
7096,302694,19
6639,302714,45
755,302760,61
3355,302822,19
2745,302842,30
7097,302873,19
1535,302893,31
896,302925,69
7098,302995,20
7099,303016,20
4961,303037,20
3536,303058,20
7100,303079,20
7101,303100,20
3643,303121,31
439,303153,20
7102,303174,31
1631,303206,74
7103,303281,19
1342,303301,107
2561,303409,19
7104,303429,19
6516,303449,19
2844,303469,19
6386,303489,19
4442,303509,19
7105,303529,19
7106,303549,19
7107,303569,30
7108,303600,19
7109,303620,19
7110,303640,19
7111,303660,19
7112,303680,19
7113,303700,19
1580,303720,50
7114,303771,19
3406,303791,19
620,303811,107
7115,303919,20
2038,303940,46
4169,303987,24
7116,304012,24
1341,304037,41
3495,304079,53
7117,304133,20
6349,304154,35
7118,304190,19
7119,304210,19
7120,304230,32
7121,304263,19
5169,304283,19
7122,304303,20
3548,304324,31
7123,304356,31
7124,304388,20
6698,304409,20
6059,304430,29
2183,304460,20
7125,304481,21
7126,304503,21
2906,304525,30
2148,304556,50
767,304607,82
3213,304690,44
349,304735,60
3482,304796,39
6222,304836,40
2505,304877,32
279,304910,76
7127,304987,20
7128,305008,20
5942,305029,30
7129,305060,19
1078,305080,80
7130,305161,22
7131,305184,29
7132,305214,19
7133,305234,19
7134,305254,19
7135,305274,30
7136,305305,24
1724,305330,29
457,305360,39
7137,305400,21
3091,305422,35
3550,305458,30
7138,305489,19
6678,305509,23
3636,305533,42
7139,305576,29
4553,305606,19
3159,305626,50
1916,305677,19
322,305697,66
7140,305764,19
6638,305784,24
4418,305809,20
1007,305830,20
1744,305851,31
3050,305883,41
7141,305925,20
1165,305946,31
7142,305978,20
7143,305999,20
7144,306020,20
4139,306041,31
1156,306073,20
6783,306094,20
4495,306115,31
5193,306147,20
7145,306168,20
7146,306189,20
4086,306210,31
1441,306242,103
5517,306346,19
7147,306366,19
2102,306386,33
5899,306420,19
3033,306440,29
7148,306470,38
7149,306509,20
7150,306530,40
7151,306571,20
7152,306592,24
5001,306617,40
2534,306658,40
4433,306699,19
3745,306719,45
4120,306765,30
7153,306796,19
6319,306816,20
2310,306837,54
4737,306892,51
7154,306944,20
7155,306965,20
3222,306986,20
5694,307007,20
7156,307028,20
7157,307049,20
1511,307070,61
3098,307132,35
7158,307168,20
3630,307189,67
4087,307257,20
7159,307278,20
3158,307299,30
7160,307330,19
4815,307350,27
7161,307378,19
7162,307398,19
4702,307418,19
2303,307438,33
1451,307472,29
306,307502,30
2859,307533,51
7163,307585,20
7164,307606,20
6138,307627,20
6072,307648,20
7165,307669,20
2304,307690,41
7166,307732,20
7167,307753,30
1668,307784,30
2047,307815,20
7168,307836,20
4914,307857,43
7169,307901,19
4190,307921,25
797,307947,60
3030,308008,59
850,308068,80
5641,308149,32
7170,308182,19
2281,308202,85
2801,308288,40
1194,308329,110
7171,308440,19
3507,308460,45
5882,308506,20
1358,308527,41
7172,308569,20
7173,308590,34
4912,308625,19
4913,308645,19
7174,308665,19
2483,308685,55
3897,308741,51
7175,308793,19
2777,308813,98
4193,308912,82
3227,308995,19
4408,309015,19
3127,309035,30
1067,309066,66
1718,309133,55
1667,309189,103
2866,309293,30
1835,309324,19
1485,309344,41
7176,309386,19
5150,309406,19
3738,309426,40
1796,309467,35
3718,309503,47
7177,309551,57
5034,309609,71
7178,309681,70
5251,309752,29
5048,309782,19
3974,309802,30
117,309833,72
195,309906,63
7179,309970,20
2000,309991,34
3748,310026,19
3413,310046,61
7180,310108,30
6712,310139,66
7181,310206,62
1599,310269,24
7182,310294,20
7183,310315,20
975,310336,136
7184,310473,20
3811,310494,55
440,310550,19
7185,310570,20
4485,310591,20
7186,310612,31
7187,310644,31
7188,310676,20
7189,310697,24
7190,310722,24
3433,310747,20
7191,310768,20
4859,310789,99
1013,310889,113
3919,311003,30
7192,311034,69
2662,311104,40
6610,311145,41
2580,311187,46
1089,311234,40
598,311275,60
597,311336,29
4140,311366,71
2828,311438,61
1928,311500,31
7193,311532,23
1731,311556,87
1778,311644,82
7194,311727,20
7195,311748,20
562,311769,41
2937,311811,31
7196,311843,20
1733,311864,123
2261,311988,20
3631,312009,55
758,312065,29
798,312095,102
1839,312198,30
1406,312229,24
7197,312254,20
3736,312275,57
1777,312333,42
7198,312376,20
7199,312397,20
1962,312418,20
7200,312439,20
4079,312460,20
1973,312481,24
2536,312506,41
6589,312548,20
305,312569,30
1923,312600,24
2961,312625,41
1815,312667,20
5008,312688,20
3057,312709,24
5635,312734,20
812,312755,40
7201,312796,24
1610,312821,30
1361,312852,149
7202,313002,22
7203,313025,19
627,313045,18
7204,313064,19
4395,313084,30
3122,313115,33
7205,313149,20
7206,313170,20
7207,313191,19
2007,313211,77
6164,313289,29
1606,313319,39
7208,313359,19
806,313379,28
2525,313408,40
7209,313449,19
3869,313469,19
1946,313489,19
3924,313509,93
808,313603,18
5395,313622,22
7210,313645,19
7211,313665,19
2872,313685,30
2605,313716,31
2160,313748,122
2876,313871,19
3752,313891,51
207,313943,49
3310,313993,29
5303,314023,19
1133,314043,91
416,314135,182
2382,314318,92
1684,314411,19
6644,314431,41
7212,314473,20
1646,314494,88
3153,314583,32
2061,314616,104
6518,314721,21
7213,314743,19
7214,314763,19
2543,314783,79
2784,314863,19
5704,314883,26
3634,314910,49
969,314960,50
4429,315011,19
2756,315031,19
1742,315051,30
2472,315082,30
3139,315113,20
39,315134,57
2014,315192,65
3228,315258,20
548,315279,64
7215,315344,19
1392,315364,40
2575,315405,30
7216,315436,34
7217,315471,31
3004,315503,51
6107,315555,19
3519,315575,49
4494,315625,83
3896,315709,41
2700,315751,54
4272,315806,19
3922,315826,40
7218,315867,20
5980,315888,20
2229,315909,77
4082,315987,76
3275,316064,31
7219,316096,19
2921,316116,50
7220,316167,19
1260,316187,86
5440,316274,19
5129,316294,19
7221,316314,20
1679,316335,44
7222,316380,42
7223,316423,34
176,316458,33
1064,316492,54
2417,316547,29
5179,316577,25
7224,316603,19
3134,316623,73
3258,316697,19
5065,316717,29
7225,316747,20
7226,316768,31
7227,316800,20
1123,316821,44
7228,316866,50
2873,316917,29
6575,316947,40
1642,316988,53
7229,317042,22
7230,317065,32
6123,317098,19
3416,317118,19
3509,317138,29
1343,317168,97
4248,317266,41
167,317308,18
1352,317327,57
3232,317385,20
1293,317406,31
831,317438,49
3396,317488,31
3956,317520,30
3957,317551,30
7231,317582,19
312,317602,58
2031,317661,72
45,317734,227
2668,317962,90
3436,318053,43
1389,318097,19
7232,318117,40
6292,318158,19
5745,318178,19
3427,318198,43
5167,318242,33
1022,318276,73
987,318350,72
3771,318423,20
1072,318444,137
2794,318582,30
5007,318613,20
1600,318634,79
7233,318714,20
2201,318735,44
1239,318780,50
4172,318831,30
2279,318862,60
3593,318923,43
5708,318967,68
2842,319036,40
1861,319077,20
194,319098,40
7234,319139,20
2454,319160,52
3602,319213,117
7235,319331,36
983,319368,39
3446,319408,40
7236,319449,19
2547,319469,42
3633,319512,51
4983,319564,35
1680,319600,30
7237,319631,20
7238,319652,20
3691,319673,25
4967,319699,22
1042,319722,121
3741,319844,24
6645,319869,34
7239,319904,55
7240,319960,34
3501,319995,24
7241,320020,39
3945,320060,32
3192,320093,20
7242,320114,20
7243,320135,20
2831,320156,66
335,320223,19
1412,320243,93
7244,320337,19
7245,320357,19
7246,320377,19
6147,320397,19
1497,320417,73
7247,320491,24
5231,320516,42
7248,320559,20
1880,320580,51
7249,320632,31
5870,320664,46
658,320711,87
7250,320799,20
7251,320820,31
7252,320852,20
7253,320873,21
7254,320895,21
435,320917,18
7255,320936,19
7256,320956,19
2987,320976,19
7257,320996,19
2650,321016,37
7258,321054,23
7259,321078,34
6216,321113,19
7260,321133,19
3065,321153,19
7261,321173,31
3681,321205,20
711,321226,19
3732,321246,41
7262,321288,20
2973,321309,40
5510,321350,19
5511,321370,19
7263,321390,19
7264,321410,20
2453,321431,62
3666,321494,30
3502,321525,20
2524,321546,62
7265,321609,20
7266,321630,20
414,321651,51
2435,321703,22
7267,321726,34
1245,321761,19
7268,321781,19
4611,321801,29
7269,321831,23
4529,321855,23
1357,321879,47
3335,321927,22
7270,321950,19
4626,321970,48
7271,322019,19
4636,322039,50
3322,322090,31
5860,322122,20
7272,322143,20
7273,322164,20
5856,322185,36
2200,322222,30
2095,322253,54
4781,322308,19
2776,322328,51
3118,322380,31
1786,322412,40
7274,322453,19
7275,322473,19
7276,322493,19
7277,322513,19
2919,322533,29
7278,322563,22
7279,322586,19
2672,322606,30
7280,322637,29
7281,322667,19
2057,322687,29
5228,322717,19
7282,322737,19
7283,322757,19
1002,322777,19
1830,322797,41
1660,322839,80
2501,322920,19
7284,322940,20
7285,322961,20
7286,322982,24
7287,323007,20
2551,323028,19
999,323048,18
852,323067,86
433,323154,62
2649,323217,40
960,323258,94
4733,323353,19
6076,323373,19
6596,323393,19
2199,323413,63
7288,323477,20
3383,323498,38
3781,323537,104
7289,323642,19
3315,323662,45
3572,323708,20
7290,323729,20
2519,323750,41
3313,323792,31
3276,323824,20
7291,323845,20
4266,323866,20
3184,323887,31
1417,323919,92
4540,324012,20
2640,324033,60
7292,324094,47
3655,324142,43
356,324186,48
7293,324235,19
4387,324255,19
645,324275,95
4909,324371,34
1902,324406,39
7294,324446,29
7295,324476,20
7296,324497,35
573,324533,39
1897,324573,20
7297,324594,20
681,324615,73
7298,324689,20
7299,324710,20
4417,324731,20
1051,324752,103
2299,324856,39
7300,324896,19
1052,324916,170
7301,325087,19
2449,325107,55
2540,325163,100
7302,325264,30
1730,325295,82
1280,325378,58
6034,325437,20
4868,325458,47
7303,325506,20
1989,325527,64
3180,325592,31
4805,325624,43
1536,325668,40
4206,325709,19
7304,325729,19
7305,325749,20
4045,325770,20
2015,325791,20
7306,325812,20
3884,325833,20
2805,325854,37
134,325892,54
2005,325947,21
1455,325969,185
2567,326155,42
2023,326198,29
4093,326228,77
7307,326306,19
2623,326326,54
4370,326381,38
7308,326420,23
7309,326444,23
3084,326468,19
3093,326488,61
1735,326550,61
7310,326612,24
1483,326637,52
974,326690,90
2792,326781,50
7311,326832,45
1411,326878,86
4361,326965,50
4273,327016,53
3173,327070,29
4076,327100,19
4106,327120,30
1498,327151,70
1379,327222,148
462,327371,111
6622,327483,39
2205,327523,28
1076,327552,74
7312,327627,19
4704,327647,40
667,327688,126
3108,327815,19
1922,327835,21
3374,327857,73
1605,327931,34
1303,327966,109
2224,328076,19
3918,328096,19
5441,328116,58
4192,328175,40
7313,328216,31
848,328248,111
7314,328360,19
2008,328380,133
1032,328514,50
7315,328565,20
2012,328586,61
7316,328648,19
7317,328668,19
3412,328688,19
817,328708,18
783,328727,59
3787,328787,49
3709,328837,23
3150,328861,20
7318,328882,20
7319,328903,20
1459,328924,20
2375,328945,109
4237,329055,19
7320,329075,19
385,329095,53
1515,329149,112
1592,329262,20
4152,329283,32
3672,329316,34
2769,329351,33
559,329385,34
7321,329420,28
7322,329449,49
3810,329499,19
670,329519,49
7323,329569,19
5512,329589,40
2477,329630,47
1349,329678,19
7324,329698,20
5933,329719,20
4286,329740,20
6611,329761,19
5957,329781,19
7325,329801,22
7326,329824,19
1200,329844,19
7327,329864,19
7328,329884,19
1107,329904,22
1108,329927,19
1278,329947,30
4304,329978,41
4305,330020,20
1874,330041,20
3337,330062,31
7329,330094,20
648,330115,74
2778,330190,20
2301,330211,24
7330,330236,70
7331,330307,19
1174,330327,19
4746,330347,29
5721,330377,19
3072,330397,34
2001,330432,45
7332,330478,19
1781,330498,20
2835,330519,30
3489,330550,112
7333,330663,20
2815,330684,20
3513,330705,20
1666,330726,47
709,330774,19
4791,330794,61
7334,330856,19
7335,330876,19
3387,330896,52
961,330949,29
570,330979,18
6339,330998,19
4198,331018,30
7336,331049,20
6084,331070,19
723,331090,18
4539,331109,19
5112,331129,31
1607,331161,41
4491,331203,41
3641,331245,41
1814,331287,40
1413,331328,96
2680,331425,46
1643,331472,20
2489,331493,20
2530,331514,52
3176,331567,63
7337,331631,19
2981,331651,19
7338,331671,20
7339,331692,20
1549,331713,40
7340,331754,20
7341,331775,20
4319,331796,20
7342,331817,20
5970,331838,30
3027,331869,20
4260,331890,24
1828,331915,25
1403,331941,50
4910,331992,22
5090,332015,19
7343,332035,19
7344,332055,19
1734,332075,19
2397,332095,52
3660,332148,36
3625,332185,31
4376,332217,20
4377,332238,20
7345,332259,20
7346,332280,20
7347,332301,20
3039,332322,74
7348,332397,20
48,332418,18
7349,332437,20
7350,332458,20
482,332479,34
2894,332514,52
7351,332567,20
1496,332588,98
1740,332687,125
4655,332813,20
2029,332834,31
3272,332866,20
7352,332887,31
3582,332919,29
4628,332949,23
3282,332973,19
3583,332993,19
460,333013,82
1972,333096,19
7353,333116,23
2253,333140,19
3358,333160,30
3038,333191,23
2147,333215,20
1985,333236,41
4318,333278,20
1683,333299,20
3930,333320,31
1514,333352,134
7354,333487,20
7355,333508,20
7356,333529,31
3168,333561,22
7357,333584,23
1082,333608,47
1738,333656,34
1942,333691,52
3504,333744,20
4358,333765,20
5327,333786,20
7358,333807,20
528,333828,23
275,333852,19
6334,333872,24
940,333897,109
1579,334007,42
3197,334050,20
7359,334071,20
3233,334092,30
5311,334123,19
7360,334143,19
5786,334163,19
7361,334183,19
7362,334203,20
7363,334224,31
3800,334256,51
3622,334308,20
3462,334329,20
4671,334350,42
4212,334393,20
608,334414,40
7364,334455,20
3675,334476,20
529,334497,19
7365,334517,20
107,334538,29
5586,334568,20
7366,334589,22
339,334612,44
673,334657,72
2409,334730,19
2544,334750,19
3927,334770,29
3882,334800,28
1294,334829,66
7367,334896,31
197,334928,99
4778,335028,36
7368,335065,20
6435,335086,20
3131,335107,31
3132,335139,20
3705,335160,20
7369,335181,20
7370,335202,30
7371,335233,20
2193,335254,20
5470,335275,19
2590,335295,19
7372,335315,40
2735,335356,30
5559,335387,19
3061,335407,19
7373,335427,19
7374,335447,19
1322,335467,20
3,335488,60
7375,335549,20
3835,335570,20
2671,335591,20
7376,335612,20
7377,335633,22
518,335656,103
7378,335760,19
7379,335780,19
1307,335800,30
6656,335831,30
7380,335862,20
964,335883,19
7381,335903,36
1652,335940,50
1763,335991,80
7382,336072,19
1702,336092,31
4709,336124,20
1645,336145,24
1944,336170,19
7383,336190,19
3129,336210,42
654,336253,18
2364,336272,44
4810,336317,19
7384,336337,20
4856,336358,20
2902,336379,39
7385,336419,20
3078,336440,30
668,336471,30
4477,336502,20
392,336523,19
5212,336543,22
2318,336566,50
3137,336617,40
209,336658,29
210,336688,29
211,336718,29
220,336748,18
223,336767,22
1371,336790,19
3148,336810,20
678,336831,42
6172,336874,19
7386,336894,19
7387,336914,19
869,336934,45
7388,336980,20
2878,337001,30
4800,337032,20
7389,337053,20
257,337074,45
6037,337120,31
7390,337152,20
2192,337173,20
1198,337194,20
7391,337215,19
4592,337235,29
7392,337265,20
7393,337286,30
7394,337317,21
7395,337339,19
7396,337359,23
698,337383,62
3008,337446,29
7397,337476,20
7398,337497,20
5006,337518,20
3740,337539,24
5443,337564,20
5981,337585,20
1858,337606,41
7399,337648,20
7400,337669,20
795,337690,32
7401,337723,19
7402,337743,19
99,337763,84
7403,337848,19
2152,337868,29
1762,337898,73
1430,337972,39
2062,338012,41
7404,338054,30
7405,338085,20
5903,338106,24
4945,338131,41
1711,338173,229
3911,338403,57
1982,338461,30
7406,338492,30
1807,338523,43
5191,338567,20
7407,338588,20
7408,338609,20
3613,338630,20
1806,338651,37
7409,338689,22
6776,338712,22
7410,338735,19
2089,338755,30
7411,338786,19
7412,338806,19
7413,338826,19
2754,338846,19
3360,338866,123
1355,338990,42
1231,339033,84
7414,339118,20
7415,339139,20
5874,339160,20
1860,339181,31
5172,339213,20
947,339234,30
7416,339265,20
3444,339286,20
760,339307,23
5894,339331,20
7417,339352,20
7418,339373,21
2962,339395,41
3003,339437,39
5765,339477,19
7419,339497,70
7420,339568,19
1472,339588,29
7421,339618,20
2999,339639,31
7422,339671,20
1477,339692,20
872,339713,30
237,339744,65
2090,339810,19
283,339830,38
7423,339869,19
7424,339889,19
3715,339909,20
1788,339930,63
7425,339994,20
1890,340015,57
7426,340073,20
253,340094,33
1207,340128,78
4473,340207,30
971,340238,50
1464,340289,31
1074,340321,21
3392,340343,25
1050,340369,59
3393,340429,19
7427,340449,19
4170,340469,31
2497,340501,20
7428,340522,19
7429,340542,19
7430,340562,19
6134,340582,20
7431,340603,21
7432,340625,19
3117,340645,51
1405,340697,29
691,340727,29
3831,340757,20
489,340778,62
6293,340841,20
7433,340862,20
7434,340883,20
517,340904,55
7435,340960,20
7436,340981,20
1891,341002,81
3575,341084,86
2127,341171,20
4544,341192,30
7437,341223,20
7438,341244,20
1639,341265,19
1232,341285,42
7439,341328,20
399,341349,30
7440,341380,19
2278,341400,31
7441,341432,20
3304,341453,20
4224,341474,20
6616,341495,24
3022,341520,27
3242,341548,19
1517,341568,20
7442,341589,19
7443,341609,19
893,341629,33
2726,341663,86
49,341750,18
6104,341769,31
7444,341801,20
5679,341822,20
3370,341843,20
7445,341864,20
7446,341885,20
1494,341906,30
2132,341937,46
834,341984,35
835,342020,45
7447,342066,19
4774,342086,19
2683,342106,19
2271,342126,52
4302,342179,20
7448,342200,29
2273,342230,19
1420,342250,29
311,342280,29
313,342310,18
531,342329,30
1216,342360,62
3466,342423,88
7449,342512,23
7450,342536,19
5412,342556,19
7451,342576,19
2151,342596,19
5157,342616,19
2823,342636,19
7452,342656,19
4629,342676,19
7453,342696,19
7454,342716,19
5939,342736,19
4112,342756,19
4342,342776,19
3191,342796,52
4034,342849,19
7455,342869,19
7456,342889,19
7457,342909,21
2267,342931,19
2596,342951,19
1582,342971,31
1583,343003,31
2381,343035,30
818,343066,56
7458,343123,20
7459,343144,24
874,343169,18
1055,343188,29
6197,343218,19
2100,343238,19
7460,343258,19
7461,343278,20
2348,343299,62
7462,343362,34
7463,343397,20
5643,343418,70
4853,343489,19
5451,343509,19
2198,343529,30
3321,343560,19
7464,343580,19
7465,343600,30
2144,343631,19
1382,343651,19
347,343671,18
875,343690,74
3561,343765,28
5865,343794,31
7466,343826,20
7467,343847,20
383,343868,52
5419,343921,42
7468,343964,20
7469,343985,20
2764,344006,20
7470,344027,20
814,344048,30
7471,344079,20
7472,344100,20
1180,344121,45
1191,344167,29
5255,344197,40
7473,344238,20
7474,344259,20
1489,344280,35
7475,344316,20
2521,344337,19
876,344357,60
7476,344418,20
4668,344439,20
342,344460,79
2223,344540,19
7477,344560,23
3719,344584,30
7478,344615,19
7479,344635,19
1862,344655,19
1121,344675,30
7480,344706,20
3448,344727,31
7481,344759,20
1849,344780,85
7482,344866,20
844,344887,39
6013,344927,57
166,344985,18
2316,345004,19
1071,345024,39
7483,345064,30
4502,345095,30
3211,345126,39
5757,345166,41
1949,345208,31
7484,345240,30
2592,345271,19
82,345291,17
2588,345309,22
2131,345332,19
1081,345352,20
5463,345373,28
1662,345402,20
7485,345423,20
1015,345444,31
2110,345476,30
1663,345507,20
1664,345528,52
7486,345581,20
7487,345602,20
2247,345623,46
7488,345670,20
6270,345691,20
5126,345712,30
2597,345743,20
6750,345764,20
5310,345785,20
7489,345806,20
7490,345827,20
2887,345848,40
7491,345889,20
6305,345910,20
4530,345931,20
1955,345952,31
6020,345984,20
2046,346005,35
1782,346041,24
1335,346066,59
7492,346126,20
3432,346147,20
2593,346168,20
2245,346189,31
3063,346221,33
2425,346255,20
7493,346276,20
2072,346297,20
7494,346318,20
2369,346339,69
1446,346409,41
1482,346451,40
2367,346492,29
3626,346522,19
1701,346542,30
4415,346573,19
887,346593,88
7495,346682,20
7496,346703,21
3770,346725,30
1444,346756,39
7497,346796,19
7498,346816,19
545,346836,39
3604,346876,30
1364,346907,20
636,346928,76
1770,347005,31
2520,347037,20
488,347058,41
3214,347100,31
5642,347132,31
5069,347164,28
3763,347193,19
1864,347213,56
3384,347270,19
2750,347290,19
89,347310,31
3124,347342,20
4171,347363,20
7499,347384,20
5173,347405,20
2781,347426,44
7500,347471,20
502,347492,30
1098,347523,37
4011,347561,36
7501,347598,24
3698,347623,19
4113,347643,29
4287,347673,19
7502,347693,19
1754,347713,19
7503,347733,19
4023,347753,19
7504,347773,19
7505,347793,19
1791,347813,41
1414,347855,57
7506,347913,20
7507,347934,20
7508,347955,24
5288,347980,20
3125,348001,30
3464,348032,20
2826,348053,24
5959,348078,31
889,348110,19
3259,348130,20
7509,348151,20
5960,348172,46
268,348219,40
7510,348260,19
2173,348280,19
5593,348300,24
1185,348325,20
1831,348346,31
1739,348378,20
2312,348399,20
7511,348420,29
2368,348450,19
1345,348470,43
1630,348514,30
2013,348545,20
5996,348566,31
3595,348598,31
1541,348630,40
3040,348671,62
7512,348734,20
2298,348755,19
7513,348775,19
3055,348795,19
862,348815,39
2088,348855,49
463,348905,28
7514,348934,19
4010,348954,19
2336,348974,19
5123,348994,30
1063,349025,42
7515,349068,19
2211,349088,29
3054,349118,40
2893,349159,30
7516,349190,20
7517,349211,20
7518,349232,20
2026,349253,30
1716,349284,22
4313,349307,20
7519,349328,29
7520,349358,19
7521,349378,19
2080,349398,19
7522,349418,20
3670,349439,20
7523,349460,20
7524,349481,20
7525,349502,19
4663,349522,19
2620,349542,20
7526,349563,20
7527,349584,20
7528,349605,19
586,349625,49
1883,349675,29
2246,349705,19
4094,349725,19
4063,349745,30
2006,349776,19
7529,349796,19
788,349816,18
2678,349835,19
4284,349855,19
2803,349875,30
6674,349906,20
4059,349927,20
7530,349948,20
6284,349969,24
3532,349994,20
2702,350015,30
7531,350046,20
7532,350067,20
1617,350088,19
3157,350108,19
7533,350128,19
7534,350148,20
3809,350169,30
1689,350200,19
3175,350220,20
3894,350241,42
3483,350284,24
7535,350309,20
2361,350330,20
4018,350351,31
7536,350383,20
4756,350404,30
292,350435,19
4785,350455,61
579,350517,29
2498,350547,56
7537,350604,19
7538,350624,19
2293,350644,19
7539,350664,20
2724,350685,20
3265,350706,20
7540,350727,20
7541,350748,20
7542,350769,20
2076,350790,20
3212,350811,41
480,350853,30
3252,350884,31
4411,350916,31
6422,350948,20
5834,350969,19
3290,350989,24
1103,351014,38
2404,351053,29
7543,351083,19
7544,351103,19
7545,351123,19
7546,351143,20
2574,351164,20
4468,351185,40
2234,351226,45
3893,351272,30
7547,351303,20
6615,351324,19
7548,351344,19
7549,351364,19
7550,351384,20
7551,351405,20
7552,351426,20
3931,351447,20
7553,351468,20
5266,351489,31
5789,351521,20
1033,351542,35
3581,351578,19
3018,351598,34
2912,351633,19
7554,351653,19
2050,351673,24
7555,351698,20
5192,351719,20
5073,351740,43
6174,351784,31
7556,351816,21
1270,351838,35
1480,351874,19
1893,351894,19
5864,351914,19
1104,351934,42
91,351977,18
7557,351996,19
7558,352016,31
3435,352048,22
1252,352071,19
1323,352091,29
7559,352121,20
7560,352142,20
2357,352163,20
6726,352184,20
4630,352205,20
7561,352226,20
5604,352247,20
5640,352268,20
6239,352289,20
7562,352310,20
2533,352331,30
1147,352362,31
7563,352394,20
3041,352415,20
1573,352436,41
1227,352478,29
1753,352508,63
4563,352572,68
7564,352641,19
246,352661,18
7565,352680,19
5264,352700,24
6499,352725,20
7566,352746,20
4555,352767,20
3422,352788,20
7567,352809,20
2195,352830,20
4975,352851,23
5410,352875,19
7568,352895,19
7569,352915,19
441,352935,18
1334,352954,30
4471,352985,19
5127,353005,38
2738,353044,20
2097,353065,20
829,353086,19
7570,353106,20
7571,353127,20
1918,353148,64
2753,353213,19
1720,353233,36
7572,353270,20
2780,353291,30
5741,353322,24
2133,353347,20
2564,353368,20
5669,353389,28
7573,353418,20
5621,353439,39
4194,353479,20
7574,353500,20
2761,353521,101
6732,353623,31
1765,353655,19
704,353675,18
1149,353694,20
7575,353715,20
7576,353736,19
3632,353756,31
3229,353788,24
4022,353813,20
5380,353834,20
1996,353855,31
7577,353887,19
6055,353907,19
7578,353927,21
1866,353949,19
7579,353969,19
1503,353989,19
2610,354009,62
7580,354072,20
7581,354093,19
1159,354113,19
7582,354133,21
2515,354155,112
2670,354268,40
7583,354309,19
7584,354329,20
1246,354350,54
3347,354405,50
7585,354456,19
3064,354476,30
5414,354507,45
3760,354553,33
2522,354587,19
3570,354607,19
4556,354627,20
7586,354648,20
5971,354669,31
2048,354701,19
6607,354721,36
1066,354758,19
4061,354778,19
6097,354798,32
7587,354831,22
585,354854,69
6099,354924,29
3994,354954,20
5599,354975,20
7588,354996,20
7589,355017,20
7590,355038,20
6098,355059,41
1500,355101,56
2532,355158,121
4988,355280,40
3311,355321,71
3136,355393,20
3379,355414,40
4360,355455,20
7591,355476,20
2951,355497,55
2946,355553,27
7592,355581,69
5807,355651,32
7593,355684,30
1031,355715,30
2924,355746,31
1805,355778,31
7594,355810,35
2416,355846,34
1359,355881,43
2941,355925,68
5155,355994,20
7595,356015,24
1974,356040,76
7596,356117,33
7597,356151,23
7598,356175,24
7599,356200,20
7600,356221,20
5377,356242,20
7601,356263,24
7602,356288,31
3414,356320,35
4328,356356,19
2112,356376,19
7603,356396,19
1990,356416,49
1800,356466,20
2362,356487,24
3944,356512,65
4037,356578,43
3340,356622,20
6728,356643,19
5089,356663,19
5658,356683,20
5199,356704,45
3439,356750,30
7604,356781,32
7605,356814,32
7606,356847,24
4474,356872,24
2966,356897,45
7607,356943,20
4688,356964,19
7608,356984,19
7609,357004,19
5464,357024,19
7610,357044,19
3058,357064,29
6418,357094,19
7611,357114,20
3428,357135,19
2282,357155,19
7612,357175,20
2370,357196,20
7613,357217,19
2105,357237,19
1534,357257,19
6536,357277,19
951,357297,32
7614,357330,30
6257,357361,23
2752,357385,20
3226,357406,20
1495,357427,20
1887,357448,20
2566,357469,44
2827,357514,29
2586,357544,19
2704,357564,31
7615,357596,20
7616,357617,20
4057,357638,19
1723,357658,19
701,357678,18
5667,357697,19
1647,357717,35
2686,357753,42
2851,357796,20
4842,357817,20
3388,357838,20
7617,357859,20
7618,357880,20
4268,357901,31
7619,357933,20
1545,357954,31
6316,357986,20
2698,358007,20
1131,358028,30
2888,358059,19
6475,358079,19
7620,358099,34
3100,358134,27
2768,358162,30
1096,358193,19
5233,358213,19
4578,358233,19
3541,358253,29
972,358283,18
7621,358302,19
7622,358322,19
4782,358342,19
7623,358362,20
5717,358383,20
1722,358404,20
3605,358425,20
1415,358446,19
3088,358466,19
7624,358486,19
4090,358506,19
7625,358526,19
3243,358546,19
811,358566,19
4363,358586,20
7626,358607,20
3309,358628,19
495,358648,19
2387,358668,31
1748,358700,20
1502,358721,36
7627,358758,20
7628,358779,20
4986,358800,20
3750,358821,20
4989,358842,20
674,358863,21
7629,358885,22
7630,358908,19
3703,358928,19
3405,358948,28
1988,358977,44
2244,359022,35
7631,359058,39
7632,359098,20
4464,359119,31
4381,359151,24
1190,359176,30
2824,359207,24
2462,359232,20
2233,359253,20
6688,359274,20
1576,359295,20
2346,359316,20
1126,359337,20
2772,359358,30
4567,359389,20
4160,359410,20
5250,359431,20
3898,359452,20
2156,359473,19
7633,359493,19
7634,359513,19
7635,359533,19
4617,359553,24
7636,359578,21
1132,359600,40
1965,359641,30
308,359672,19
7637,359692,20
7638,359713,20
7639,359734,20
2663,359755,30
2795,359786,53
7640,359840,23
7641,359864,19
7642,359884,19
7643,359904,19
4114,359924,32
7644,359957,19
7645,359977,19
7646,359997,20
7647,360018,20
1708,360039,20
7648,360060,20
1423,360081,20
7649,360102,20
7650,360123,20
7651,360144,20
7652,360165,20
4128,360186,20
5066,360207,27
7653,360235,19
7654,360255,19
7655,360275,19
7656,360295,19
5756,360315,19
7657,360335,19
4643,360355,19
7658,360375,20
2372,360396,19
4267,360416,20
7659,360437,20
7660,360458,20
7661,360479,19
1746,360499,19
7662,360519,19
7663,360539,19
5850,360559,30
7664,360590,30
2196,360621,20
4915,360642,20
6351,360663,20
7665,360684,20
7666,360705,20
7667,360726,20
6094,360747,31
6458,360779,20
7668,360800,21
429,360822,18
1445,360841,41
2830,360883,20
154,360904,19
7669,360924,20
4009,360945,31
431,360977,19
3329,360997,20
7670,361018,20
6154,361039,20
1388,361060,30
3356,361091,32
7671,361124,19
7672,361144,19
7673,361164,19
7674,361184,20
3083,361205,20
4081,361226,24
7675,361251,19
3552,361271,19
7676,361291,19
7677,361311,19
7678,361331,23
7679,361355,20
6087,361376,24
7680,361401,20
7681,361422,20
7682,361443,20
6703,361464,20
7683,361485,20
3758,361506,24
7684,361531,19
235,361551,18
7685,361570,26
2669,361597,27
7686,361625,19
7687,361645,20
7688,361666,20
3485,361687,34
3119,361722,62
4862,361785,20
7689,361806,20
6186,361827,20
1346,361848,31
7690,361880,24
7691,361905,24
4980,361930,20
7692,361951,20
3954,361972,20
7693,361993,20
7694,362014,24
5504,362039,21
6733,362061,19
6734,362081,19
7695,362101,19
7696,362121,19
7697,362141,19
7698,362161,19
7699,362181,24
2044,362206,19
2184,362226,30
4651,362257,19
949,362277,18
802,362296,18
7700,362315,23
7701,362339,20
4517,362360,25
5300,362386,19
7702,362406,19
7703,362426,19
3398,362446,19
3082,362466,24
1797,362491,34
2168,362526,20
1290,362547,19
1462,362567,19
2727,362587,29
6604,362617,20
3743,362638,76
3046,362715,20
5564,362736,24
1729,362761,19
5754,362781,23
7704,362805,19
4398,362825,23
7705,362849,19
7706,362869,24
4146,362894,24
7707,362919,28
7708,362948,24
7709,362973,20
5566,362994,20
4589,363015,20
7710,363036,21
3524,363058,30
3333,363089,19
7711,363109,19
3292,363129,29
3969,363159,29
5500,363189,29
7712,363219,20
7713,363240,31
4092,363272,19
5121,363292,24
6483,363317,20
4551,363338,20
1992,363359,20
7714,363380,20
5398,363401,19
7715,363421,20
1812,363442,20
7716,363463,20
3478,363484,20
4762,363505,19
7717,363525,20
3163,363546,19
7718,363566,19
6210,363586,19
31,363606,18
3298,363625,20
7719,363646,20
4684,363667,20
7720,363688,20
4049,363709,19
3373,363729,19
1034,363749,50
5797,363800,36
5710,363837,29
7721,363867,19
5165,363887,20
1585,363908,20
7722,363929,20
4995,363950,24
5446,363975,19
7723,363995,20
5261,364016,20
2276,364037,27
6427,364065,36
7724,364102,22
1707,364125,29
6653,364155,19
7725,364175,20
520,364196,21
6665,364218,19
7726,364238,19
5609,364258,19
7727,364278,20
4397,364299,19
5437,364319,19
6110,364339,23
7728,364363,20
5651,364384,20
5987,364405,20
6299,364426,20
7729,364447,20
3161,364468,24
7730,364493,20
4276,364514,20
3837,364535,20
7731,364556,19
4348,364576,19
2654,364596,29
1681,364626,19
1948,364646,24
7732,364671,20
1461,364692,20
1563,364713,20
7733,364734,20
1957,364755,39
2980,364795,19
2960,364815,39
6715,364855,19
1755,364875,19
7734,364895,20
2938,364916,20
4788,364937,20
1804,364958,20
2976,364979,20
2945,365000,20
3001,365021,20
6687,365042,34
7735,365077,19
2967,365097,31
1919,365129,19
7736,365149,19
4543,365169,20
7737,365190,20
4041,365211,20
7738,365232,19
2879,365252,23
2964,365276,23
7739,365300,23
7740,365324,20
2865,365345,20
7741,365366,20
7742,365387,31
1931,365419,29
5535,365449,19
2606,365469,35
7743,365505,20
7744,365526,20
7745,365547,20
4341,365568,24
7746,365593,32
6016,365626,22
5452,365649,19
7747,365669,24
7748,365694,19
7749,365714,23
7750,365738,20
7751,365759,20
1940,365780,20
7752,365801,24
3273,365826,24
3240,365851,31
3380,365883,24
1968,365908,20
5569,365929,20
7753,365950,22
7754,365973,19
7755,365993,23
7756,366017,20
4510,366038,20
7757,366059,35
7758,366095,22
7759,366118,19
5858,366138,19
7760,366158,19
7761,366178,20
5296,366199,20
7762,366220,20
5767,366241,22
5096,366264,23
4928,366288,20
7763,366309,22
2807,366332,30
7764,366363,20
6624,366384,20
4850,366405,31
7765,366437,20
7766,366458,20
7767,366479,20
6384,366500,20
4457,366521,20
4088,366542,20
7768,366563,21
7769,366585,19
935,366605,18
5328,366624,19
3090,366644,19
226,366664,29
3784,366694,19
7770,366714,20
497,366735,18
3932,366754,20
1393,366775,20
2149,366796,30
7771,366827,19
7772,366847,20
4738,366868,20
2374,366889,19
7773,366909,19
4409,366929,20
5216,366950,23
3777,366974,19
7774,366994,23
7775,367018,23
2695,367042,31
7776,367074,20
2473,367095,20
4751,367116,20
2802,367137,20
7777,367158,22
1616,367181,19
96,367201,17
7778,367219,19
1624,367239,20
7779,367260,20
7780,367281,19
7781,367301,19
7782,367321,19
5054,367341,18
7783,367360,21
7784,367382,19
5097,367402,19
7785,367422,22
4884,367445,19
7786,367465,19
86,367485,38
7787,367524,19
724,367544,29
2523,367574,19
7788,367594,20
2855,367615,31
7789,367647,20
4985,367668,44
7790,367713,23
4744,367737,19
6315,367757,19
2017,367777,19
7791,367797,20
936,367818,18
679,367837,39
7792,367877,20
7793,367898,21
7794,367920,19
7795,367940,19
504,367960,29
5817,367990,19
4831,368010,24
1727,368035,34
7796,368070,20
2833,368091,19
7797,368111,20
6035,368132,20
7798,368153,31
3665,368185,19
2578,368205,20
7799,368226,20
7800,368247,20
2841,368268,20
5930,368289,20
921,368310,34
7801,368345,20
514,368366,19
2328,368386,24
4425,368411,19
5728,368431,19
4908,368451,19
7802,368471,19
7803,368491,19
4635,368511,19
5800,368531,19
5454,368551,19
3640,368571,19
5844,368591,19
1687,368611,19
7804,368631,19
4200,368651,19
7805,368671,19
7806,368691,19
7807,368711,19
2379,368731,19
7808,368751,20
4847,368772,20
7809,368793,19
3087,368813,19
7810,368833,20
7811,368854,20
7812,368875,20
4179,368896,20
7813,368917,20
7814,368938,20
7815,368959,20
7816,368980,20
7817,369001,20
2010,369022,20
4537,369043,20
7818,369064,20
1632,369085,19
3423,369105,19
7819,369125,19
1910,369145,20
6561,369166,20
2584,369187,20
7820,369208,24
2187,369233,20
7821,369254,19
2390,369274,19
2391,369294,19
1926,369314,30
7822,369345,19
722,369365,18
4557,369384,20
7823,369405,19
2506,369425,19
4085,369445,20
5749,369466,21
7824,369488,19
5672,369508,19
4055,369528,20
7825,369549,20
7826,369570,20
1937,369591,20
7827,369612,20
7828,369633,20
4077,369654,20
2182,369675,22
1010,369698,25
5000,369724,19
7829,369744,19
4078,369764,24
7830,369789,20
7831,369810,20
1696,369831,19
7832,369851,19
6012,369871,19
7833,369891,20
2891,369912,19
7834,369932,36
92,369969,17
4117,369987,33
7835,370021,19
7836,370041,22
914,370064,19
7837,370084,19
7838,370104,19
2539,370124,24
7839,370149,20
2018,370170,20
1669,370191,62
2609,370254,20
7840,370275,20
7841,370296,24
7842,370321,20
7843,370342,20
1438,370363,19
4955,370383,20
93,370404,17
7844,370422,19
7845,370442,20
7846,370463,19
7847,370483,19
7848,370503,19
4154,370523,19
4151,370543,19
4356,370563,19
7849,370583,19
7850,370603,19
4455,370623,19
4467,370643,19
6451,370663,19
7851,370683,19
4729,370703,19
7852,370723,19
