1,1
2,11
3,12
4,17
5,19
6,25
7,29
8,30
9,35
10,41
11,42
12,47
13,52
14,53
15,58
16,69
17,70
18,74
19,78
20,84
21,99
22,101
23,103
24,112
25,115
26,121
27,123
28,137
29,140
30,142
31,154
32,156
33,168
34,170
35,171
36,173
37,176
38,179
39,183
40,184
41,186
42,187
43,188
44,189
45,191
46,195
47,197
48,202
49,203
50,206
51,207
52,212
53,216
54,220
55,222
56,225
57,227
58,230
59,234
60,245
61,251
62,256
63,257
64,262
65,271
66,273
67,277
68,282
69,283
70,286
71,294
72,295
73,304
74,307
75,329
76,330
77,334
78,338
79,339
80,344
81,345
82,346
83,347
84,354
85,360
86,369
87,370
88,372
89,377
90,397
91,409
92,411
93,413
94,418
95,420
96,421
97,423
98,427
99,435
100,439
101,441
102,442
103,453
104,455
105,462
106,464
107,467
108,484
109,494
110,496
111,497
112,498
113,501
114,503
115,504
116,505
117,511
118,518
119,520
120,522
121,536
122,540
123,544
124,549
125,552
126,553
127,558
128,563
129,567
130,569
131,572
132,588
133,595
134,600
135,606
136,610
137,632
138,634
139,635
140,636
141,644
142,645
143,649
144,662
145,663
146,666
147,670
148,675
149,678
150,679
151,685
152,688
153,689
154,694
155,704
156,712
157,713
158,717
159,720
160,728
161,729
162,739
163,740
164,743
165,753
166,760
167,766
168,767
169,772
170,781
171,790
172,801
173,802
174,806
175,816
176,820
177,823
178,825
179,827
180,829
181,830
182,836
183,844
184,845
185,846
186,847
187,856
188,857
189,858
190,863
191,866
192,867
193,869
194,878
195,881
196,887
197,891
198,907
199,911
200,912
201,923
202,924
203,927
204,928
205,932
206,935
207,946
208,950
209,951
210,954
211,955
212,959
213,961
214,964
215,965
216,974
217,984
218,986
219,996
220,997
221,999
222,8
223,9
224,44
225,45
226,50
227,56
228,73
229,79
230,80
231,82
232,89
233,90
234,126
235,128
236,129
237,135
238,165
239,174
240,198
241,205
242,213
243,214
244,228
245,243
246,246
247,252
248,260
249,265
250,280
251,312
252,342
253,365
254,374
255,390
256,433
257,434
258,436
259,463
260,474
261,513
262,527
263,566
264,571
265,638
266,643
267,651
268,655
269,665
270,673
271,692
272,693
273,695
274,696
275,700
276,709
277,710
278,711
279,747
280,757
281,759
282,780
283,782
284,796
285,797
286,804
287,808
288,809
289,811
290,812
291,815
292,826
293,841
294,855
295,859
296,875
297,892
298,905
299,933
300,952
301,953
302,960
303,970
304,971
305,972
306,992
307,993
308,994
309,33
310,237
311,244
312,284
313,289
314,296
315,297
316,792
317,902
318,13
319,14
320,31
321,60
322,76
323,92
324,95
325,146
326,147
327,199
328,200
329,204
330,224
331,226
332,229
333,235
334,247
335,250
336,279
337,287
338,288
339,311
340,333
341,379
342,395
343,416
344,432
345,486
346,512
347,545
348,547
349,561
350,599
351,601
352,633
353,671
354,674
355,676
356,677
357,680
358,681
359,682
360,683
361,698
362,699
363,703
364,705
365,714
366,748
367,749
368,752
369,755
370,768
371,779
372,783
373,791
374,793
375,794
376,795
377,803
378,860
379,877
380,883
381,895
382,901
383,916
384,917
385,918
386,919
387,920
388,921
389,929
390,991
391,2
392,37
393,39
394,55
395,71
396,83
397,160
398,164
399,185
400,193
401,221
402,270
403,272
404,293
405,319
406,327
407,352
408,366
409,371
410,407
411,446
412,456
413,472
414,507
415,508
416,514
417,531
418,560
419,585
420,612
421,626
422,639
423,640
424,667
425,716
426,727
427,758
428,761
429,862
430,865
431,884
432,899
433,903
434,941
435,967
436,100
437,210
438,4
439,10
440,24
441,28
442,46
443,49
444,64
445,66
446,75
447,86
448,96
449,109
450,113
451,117
452,119
453,124
454,125
455,130
456,132
457,139
458,149
459,163
460,167
461,172
462,175
463,190
464,196
465,209
466,241
467,261
468,267
469,300
470,301
471,303
472,306
473,315
474,317
475,318
476,321
477,343
478,364
479,367
480,375
481,380
482,381
483,382
484,385
485,391
486,399
487,401
488,406
489,410
490,431
491,443
492,449
493,466
494,476
495,479
496,482
497,491
498,506
499,516
500,538
501,546
502,550
503,556
504,575
505,583
506,593
507,594
508,597
509,598
510,605
511,608
512,625
513,631
514,656
515,657
516,658
517,686
518,701
519,721
520,722
521,723
522,725
523,746
524,773
525,785
526,798
527,800
528,805
529,807
530,810
531,814
532,861
533,876
534,893
535,900
536,904
537,922
538,947
539,956
540,968
541,977
542,978
543,979
544,981
545,985
546,1000
547,77
548,85
549,94
550,107
551,114
552,133
553,143
554,151
555,155
556,192
557,201
558,223
559,231
560,232
561,249
562,259
563,281
564,302
565,326
566,349
567,355
568,356
569,384
570,448
571,458
572,488
573,495
574,525
575,526
576,528
577,530
578,534
579,542
580,613
581,614
582,627
583,629
584,646
585,661
586,697
587,707
588,726
589,731
590,756
591,770
592,777
593,778
594,787
595,799
596,874
597,926
598,930
599,931
600,936
601,939
602,962
603,969
604,976
605,40
606,236
607,325
608,363
609,440
610,460
611,523
612,582
613,602
614,775
615,910
616,990
617,48
618,54
619,57
620,65
621,91
622,97
623,108
624,138
625,144
626,157
627,194
628,211
629,219
630,248
631,253
632,266
633,278
634,292
635,310
636,335
637,362
638,415
639,417
640,447
641,457
642,459
643,470
644,473
645,475
646,477
647,478
648,492
649,529
650,535
651,562
652,564
653,573
654,579
655,580
656,604
657,611
658,628
659,642
660,647
661,652
662,659
663,687
664,690
665,736
666,762
667,784
668,788
669,789
670,872
671,943
672,982
673,141
674,275
675,452
676,465
677,624
678,637
679,650
680,672
681,702
682,706
683,975
684,15
685,105
686,116
687,145
688,340
689,519
690,568
691,570
692,621
693,724
694,765
695,885
696,43
697,51
698,59
699,122
700,131
701,162
702,239
703,290
704,309
705,468
706,480
707,521
708,576
709,589
710,592
711,616
712,617
713,618
714,654
715,660
716,715
717,734
718,738
719,763
720,769
721,888
722,909
723,963
724,966
725,68
726,169
727,218
728,361
729,387
730,454
731,557
732,565
733,620
734,623
735,735
736,786
737,818
738,819
739,873
740,106
741,291
742,373
743,708
744,27
745,32
746,469
747,541
748,973
749,988
750,22
751,34
752,62
753,63
754,87
755,88
756,104
757,161
758,177
759,178
760,268
761,269
762,328
763,332
764,348
765,358
766,422
767,424
768,483
769,493
770,500
771,603
772,664
773,668
774,848
775,940
776,16
777,152
778,276
779,341
780,388
781,574
782,591
783,754
784,915
785,945
786,987
787,998
788,7
789,18
790,36
791,61
792,72
793,81
794,148
795,166
796,215
797,217
798,240
799,255
800,263
801,299
802,305
803,308
804,351
805,378
806,383
807,386
808,414
809,426
810,481
811,515
812,524
813,559
814,653
815,750
816,771
817,774
818,813
819,880
820,882
821,894
822,906
823,944
824,949
825,989
826,127
827,555
828,630
829,691
830,20
831,38
832,93
833,98
834,110
835,150
836,208
837,233
838,274
839,331
840,359
841,400
842,403
843,419
844,445
845,450
846,487
847,489
848,517
849,543
850,548
851,554
852,586
853,609
854,615
855,619
856,622
857,648
858,730
859,733
860,751
861,776
862,822
863,828
864,838
865,840
866,843
867,850
868,864
869,868
870,870
871,871
872,889
873,896
874,897
875,898
876,908
877,937
878,957
879,980
880,285
881,578
882,833
883,934
884,499
885,26
886,581
887,821
888,958
889,839
890,6
891,264
892,320
893,322
894,323
895,336
896,350
897,389
898,404
899,444
900,532
901,533
902,537
903,551
904,577
905,584
906,587
907,641
908,732
909,745
910,831
911,835
912,837
913,886
914,938
915,428
916,742
917,817
918,842
919,741
920,744
921,425
922,3
923,21
924,23
925,111
926,134
927,180
928,182
929,242
930,254
931,298
932,314
933,316
934,324
935,337
936,353
937,376
938,393
939,394
940,461
941,502
942,607
943,851
944,854
945,925
946,948
947,5
948,368
949,451
950,258
951,764
952,849
953,983
954,118
955,102
956,158
957,412
958,824
959,853
960,398
961,890
962,669
963,120
964,159
965,313
966,402
967,430
968,485
969,490
970,539
971,590
972,719
973,942
974,357
975,438
976,852
977,437
978,737
979,67
980,181
981,153
982,408
983,136
984,509
985,596
986,429
987,834
988,238
989,914
990,718
991,913
992,392
993,684
994,832
995,510
996,396
997,405
998,879
999,1001
1000,1062
1001,1066
1002,1074
1003,1092
1004,1104
1005,1106
1006,1142
1007,1151
1008,1153
1009,1154
1010,1155
1011,1163
1012,1170
1013,1188
1014,1204
1015,1211
1016,1212
1017,1229
1018,1231
1019,1243
1020,1246
1021,1286
1022,1287
1023,1288
1024,1303
1025,1305
1026,1325
1027,1336
1028,1342
1029,1350
1030,1351
1031,1353
1032,1380
1033,1002
1034,1004
1035,1095
1036,1143
1037,1157
1038,1158
1039,1213
1040,1218
1041,1230
1042,1269
1043,1274
1044,1290
1045,1296
1046,1297
1047,1306
1048,1313
1049,1318
1050,1319
1051,1338
1052,1341
1053,1349
1054,1354
1055,1378
1056,1395
1057,1019
1058,1039
1059,1063
1060,1065
1061,1072
1062,1075
1063,1078
1064,1083
1065,1091
1066,1094
1067,1097
1068,1098
1069,1100
1070,1114
1071,1116
1072,1119
1073,1130
1074,1144
1075,1156
1076,1159
1077,1161
1078,1162
1079,1164
1080,1165
1081,1166
1082,1205
1083,1220
1084,1225
1085,1227
1086,1239
1087,1247
1088,1271
1089,1272
1090,1309
1091,1317
1092,1320
1093,1323
1094,1337
1095,1343
1096,1352
1097,1364
1098,1367
1099,1373
1100,1377
1101,1381
1102,1383
1103,1387
1104,1003
1105,1005
1106,1006
1107,1007
1108,1008
1109,1009
1110,1010
1111,1011
1112,1017
1113,1064
1114,1082
1115,1107
1116,1167
1117,1193
1118,1199
1119,1223
1120,1277
1121,1292
1122,1331
1123,1024
1124,1052
1125,1113
1126,1203
1127,1289
1128,1321
1129,1356
1130,1013
1131,1014
1132,1030
1133,1031
1134,1035
1135,1051
1136,1067
1137,1070
1138,1071
1139,1105
1140,1117
1141,1118
1142,1129
1143,1145
1144,1171
1145,1172
1146,1173
1147,1242
1148,1268
1149,1300
1150,1322
1151,1357
1152,1358
1153,1379
1154,1386
1155,1392
1156,1398
1157,1057
1158,1089
1159,1108
1160,1132
1161,1147
1162,1181
1163,1194
1164,1206
1165,1207
1166,1222
1167,1235
1168,1240
1169,1248
1170,1262
1171,1263
1172,1270
1173,1282
1174,1339
1175,1366
1176,1391
1177,1040
1178,1077
1179,1110
1180,1115
1181,1127
1182,1136
1183,1179
1184,1184
1185,1186
1186,1192
1187,1201
1188,1208
1189,1217
1190,1228
1191,1244
1192,1250
1193,1265
1194,1284
1195,1291
1196,1304
1197,1307
1198,1332
1199,1334
1200,1344
1201,1347
1202,1355
1203,1038
1204,1112
1205,1202
1206,1301
1207,1302
1208,1308
1209,1310
1210,1326
1211,1025
1212,1054
1213,1088
1214,1128
1215,1134
1216,1152
1217,1232
1218,1233
1219,1267
1220,1278
1221,1388
1222,1028
1223,1080
1224,1180
1225,1191
1226,1258
1227,1316
1228,1370
1229,1375
1230,1053
1231,1140
1232,1234
1233,1327
1234,1093
1235,1198
1236,1348
1237,1101
1238,1122
1239,1121
1240,1182
1241,1200
1242,1214
1243,1237
1244,1276
1245,1324
1246,1328
1247,1363
1248,1393
1249,1397
1250,1400
1251,1058
1252,1059
1253,1131
1254,1187
1255,1261
1256,1012
1257,1015
1258,1018
1259,1020
1260,1021
1261,1096
1262,1125
1263,1176
1264,1257
1265,1285
1266,1335
1267,1359
1268,1056
1269,1195
1270,1372
1271,1150
1272,1185
1273,1216
1274,1224
1275,1226
1276,1254
1277,1264
1278,1279
1279,1315
1280,1374
1281,1385
1282,1076
1283,1183
1284,1210
1285,1249
1286,1252
1287,1280
1288,1281
1289,1312
1290,1371
1291,1390
1292,1149
1293,1241
1294,1256
1295,1259
1296,1046
1297,1047
1298,1055
1299,1068
1300,1109
1301,1190
1302,1209
1303,1219
1304,1294
1305,1345
1306,1362
1307,1365
1308,1382
1309,1023
1310,1026
1311,1029
1312,1034
1313,1045
1314,1048
1315,1049
1316,1050
1317,1060
1318,1090
1319,1133
1320,1160
1321,1168
1322,1177
1323,1189
1324,1196
1325,1221
1326,1260
1327,1295
1328,1299
1329,1329
1330,1340
1331,1360
1332,1376
1333,1033
1334,1394
1335,1236
1336,1251
1337,1298
1338,1032
1339,1135
1340,1138
1341,1238
1342,1255
1343,1361
1344,1069
1345,1123
1346,1126
1347,1137
1348,1146
1349,1178
1350,1283
1351,1293
1352,1368
1353,1042
1354,1043
1355,1081
1356,1103
1357,1111
1358,1124
1359,1139
1360,1175
1361,1311
1362,1169
1363,1384
1364,1022
1365,1027
1366,1102
1367,1061
1368,1085
1369,1215
1370,1273
1371,1369
1372,1399
1373,1041
1374,1174
1375,1314
1376,1197
1377,1253
1378,1084
1379,1044
1380,1073
1381,1087
1382,1330
1383,1346
1384,1079
1385,1141
1386,1333
1387,1099
1388,1148
1389,1016
1390,1389
1391,1036
1392,1086
1393,1275
1394,1245
1395,1266
1396,1037
1397,1396
1398,1120
