1,0,2540
2,2541,2819
3,5361,1661
4,7023,3369
5,10393,99
6,10493,1910
7,12404,229
8,12634,2688
9,15323,1470
10,16794,2283
11,19078,194
12,19273,3296
13,22570,1794
14,24365,1855
15,26221,1087
16,27309,1453
17,28763,2002
18,30766,1031
19,31798,2009
20,33808,2158
21,35967,3020
22,38988,2975
23,41964,5662
24,47627,78
25,47706,1044
26,48751,567
27,49319,494
28,49814,1757
29,51572,283
30,51856,2874
31,54731,1869
32,56601,331
33,56933,1703
34,58637,918
35,59556,320
36,59877,530
37,60408,256
38,60665,1533
39,62199,251
40,62451,190
41,62642,593
42,63236,37
43,63274,5402
44,68677,4986
45,73664,593
46,74258,5069
47,79328,1158
48,80487,399
49,80887,16
50,80904,2428
51,83333,410
52,83744,1112
53,84857,427
54,85285,9078
55,94364,4287
56,98652,262
57,98915,532
58,99448,553
59,100002,1153
60,101156,1394
61,102551,953
62,103505,747
63,104253,1648
64,105902,2377
65,108280,1159
66,109440,1499
67,110940,1883
68,112824,559
69,113384,2113
70,115498,2931
71,118430,1056
72,119487,3283
73,122771,1977
74,124749,3515
75,128265,365
76,128631,422
77,129054,1718
78,130773,2695
79,133469,2002
80,135472,48
81,135521,1236
82,136758,1729
83,138488,2136
84,140625,170
85,140796,799
86,141596,657
87,142254,414
88,142669,1495
89,144165,187
90,144353,322
91,144676,92
92,144769,1610
93,146380,170
94,146551,528
95,147080,332
96,147413,373
97,147787,249
98,148037,46
99,148084,347
100,148432,1157
101,149590,571
102,150162,636
103,150799,1950
104,152750,37
105,152788,18
106,152807,3652
107,156460,1364
108,157825,2335
109,160161,2152
110,162314,572
111,162887,3037
112,165925,1471
113,167397,47
114,167445,367
115,167813,1549
116,169363,303
117,169667,789
118,170457,3605
119,174063,5902
120,179966,937
121,180904,3703
122,184608,2125
123,186734,1632
124,188367,1108
125,189476,982
126,190459,3496
127,193956,268
128,194225,211
129,194437,772
130,195210,950
131,196161,1024
132,197186,2233
133,199420,2061
134,201482,328
135,201811,3724
136,205536,1302
137,206839,172
138,207012,199
139,207212,703
140,207916,1181
141,209098,93
142,209192,1139
143,210332,382
144,210715,732
145,211448,202
146,211651,114
147,211766,3211
148,214978,199
149,215178,1315
150,216494,1462
151,217957,1758
152,219716,893
153,220610,858
154,221469,351
155,221821,28
156,221850,238
157,222089,54
158,222144,26
159,222171,21
160,222193,107
161,222301,2976
162,225278,179
163,225458,251
164,225710,1044
165,226755,245
166,227001,79
167,227081,1077
168,228159,923
169,229083,2885
170,231969,342
171,232312,1071
172,233384,2254
173,235639,1372
174,237012,253
175,237266,4037
176,241304,4213
177,245518,539
178,246058,1062
179,247121,1987
180,249109,3057
181,252167,28
182,252196,59
183,252256,56
184,252313,566
185,252880,1209
186,254090,2618
187,256709,623
188,257333,205
189,257539,1070
190,258610,1533
191,260144,1816
192,261961,192
193,262154,209
194,262364,45
195,262410,63
196,262474,64
197,262539,295
198,262835,326
199,263162,17
200,263180,1096
201,264277,3838
202,268116,6134
203,274251,27
204,274279,30
205,274310,25
206,274336,1082
207,275419,60
208,275480,264
209,275745,655
210,276401,230
211,276632,1894
212,278527,660
213,279188,178
214,279367,1464
215,280832,1762
216,282595,594
217,283190,117
218,283308,119
219,283428,50
220,283479,537
221,284017,32
222,284050,77
223,284128,106
224,284235,1646
225,285882,625
226,286508,262
227,286771,155
228,286927,393
229,287321,27
230,287349,376
231,287726,1902
232,289629,783
233,290413,41
234,290455,399
235,290855,204
236,291060,36
237,291097,90
238,291188,18
239,291207,486
240,291694,351
241,292046,198
242,292245,553
243,292799,762
244,293562,602
245,294165,168
246,294334,183
247,294518,65
248,294584,329
249,294914,173
250,295088,135
251,295224,680
252,295905,27
253,295933,828
254,296762,2134
255,298897,254
256,299152,77
257,299230,26
258,299257,531
259,299789,1655
260,301445,162
261,301608,716
262,302325,509
263,302835,1198
264,304034,1647
265,305682,2064
266,307747,934
267,308682,612
268,309295,567
269,309863,705
270,310569,132
271,310702,674
272,311377,2302
273,313680,729
274,314410,2742
275,317153,143
276,317297,75
277,317373,18
278,317392,181
279,317574,234
280,317809,82
281,317892,99
282,317992,89
283,318082,239
284,318322,63
285,318386,46
286,318433,47
287,318481,131
288,318613,17
289,318631,17
290,318649,67
291,318717,916
292,319634,1274
293,320909,712
294,321622,187
295,321810,17
296,321828,1041
297,322870,216
298,323087,297
299,323385,222
300,323608,1071
301,324680,460
302,325141,500
303,325642,28
304,325671,343
305,326015,545
306,326561,137
307,326699,153
308,326853,202
309,327056,386
310,327443,1265
311,328709,515
312,329225,1656
313,330882,629
314,331512,1189
315,332702,18
316,332721,533
317,333255,479
318,333735,80
319,333816,279
320,334096,1855
321,335952,490
322,336443,28
323,336472,320
324,336793,239
325,337033,128
326,337162,537
327,337700,960
328,338661,602
329,339264,1146
330,340411,51
331,340463,142
332,340606,669
333,341276,172
334,341449,2060
335,343510,38
336,343549,268
337,343818,18
338,343837,417
339,344255,148
340,344404,617
341,345022,1973
342,346996,783
343,347780,209
344,347990,294
345,348285,853
346,349139,75
347,349215,1429
348,350645,1736
349,352382,588
350,352971,314
351,353286,752
352,354039,460
353,354500,77
354,354578,1135
355,355714,186
356,355901,280
357,356182,925
358,357108,428
359,357537,215
360,357753,447
361,358201,1104
362,359306,1511
363,360818,908
364,361727,705
365,362433,63
366,362497,293
367,362791,36
368,362828,505
369,363334,159
370,363494,424
371,363919,403
372,364323,17
373,364341,17
374,364359,1084
375,365444,18
376,365463,1163
377,366627,1020
378,367648,95
379,367744,611
380,368356,1257
381,369614,637
382,370252,162
383,370415,25
384,370441,458
385,370900,1617
386,372518,25
387,372544,151
388,372696,98
389,372795,142
390,372938,341
391,373280,45
392,373326,25
393,373352,455
394,373808,35
395,373844,658
396,374503,2405
397,376909,542
398,377452,235
399,377688,979
400,378668,17
401,378686,58
402,378745,130
403,378876,458
404,379335,27
405,379363,265
406,379629,468
407,380098,1565
408,381664,726
409,382391,698
410,383090,118
411,383209,261
412,383471,115
413,383587,259
414,383847,2748
415,386596,304
416,386901,41
417,386943,701
418,387645,162
419,387808,1653
420,389462,491
421,389954,302
422,390257,757
423,391015,718
424,391734,93
425,391828,733
426,392562,418
427,392981,27
428,393009,1567
429,394577,36
430,394614,543
431,395158,173
432,395332,625
433,395958,19
434,395978,1055
435,397034,497
436,397532,167
437,397700,137
438,397838,443
439,398282,231
440,398514,827
441,399342,621
442,399964,89
443,400054,533
444,400588,1665
445,402254,50
446,402305,109
447,402415,819
448,403235,571
449,403807,133
450,403941,26
451,403968,291
452,404260,657
453,404918,190
454,405109,424
455,405534,274
456,405809,1546
457,407356,221
458,407578,994
459,408573,499
460,409073,1135
461,410209,954
462,411164,1064
463,412229,168
464,412398,917
465,413316,64
466,413381,1132
467,414514,439
468,414954,750
469,415705,1852
470,417558,551
471,418110,214
472,418325,888
473,419214,272
474,419487,1400
475,420888,932
476,421821,18
477,421840,308
478,422149,65
479,422215,284
480,422500,823
481,423324,1048
482,424373,1711
483,426085,55
484,426141,252
485,426394,18
486,426413,166
487,426580,46
488,426627,174
489,426802,258
490,427061,114
491,427176,888
492,428065,131
493,428197,660
494,428858,145
495,429004,408
496,429413,73
497,429487,322
498,429810,178
499,429989,442
500,430432,1566
501,431999,117
502,432117,209
503,432327,476
504,432804,73
505,432878,498
506,433377,331
507,433709,36
508,433746,802
509,434549,259
510,434809,142
511,434952,444
512,435397,37
513,435435,249
514,435685,184
515,435870,56
516,435927,101
517,436029,323
518,436353,381
519,436735,38
520,436774,856
521,437631,407
522,438039,63
523,438103,1105
524,439209,173
525,439383,832
526,440216,348
527,440565,44
528,440610,638
529,441249,79
530,441329,17
531,441347,170
532,441518,835
533,442354,729
534,443084,2730
535,445815,323
536,446139,1455
537,447595,95
538,447691,528
539,448220,154
540,448375,73
541,448449,268
542,448718,122
543,448841,1001
544,449843,189
545,450033,556
546,450590,350
547,450941,1241
548,452183,60
549,452244,514
550,452759,135
551,452895,1058
552,453954,25
553,453980,221
554,454202,52
555,454255,244
556,454500,525
557,455026,625
558,455652,53
559,455706,359
560,456066,1726
561,457793,448
562,458242,812
563,459055,149
564,459205,46
565,459252,110
566,459363,98
567,459462,232
568,459695,534
569,460230,549
570,460780,363
571,461144,555
572,461700,53
573,461754,379
574,462134,16
575,462151,343
576,462495,425
577,462921,84
578,463006,384
579,463391,59
580,463451,1463
581,464915,91
582,465007,25
583,465033,248
584,465282,495
585,465778,833
586,466612,356
587,466969,371
588,467341,199
589,467541,381
590,467923,907
591,468831,177
592,469009,20
593,469030,124
594,469155,68
595,469224,95
596,469320,1061
597,470382,413
598,470796,70
599,470867,234
600,471102,73
601,471176,65
602,471242,210
603,471453,1181
604,472635,187
605,472823,1163
606,473987,123
607,474111,46
608,474158,642
609,474801,901
610,475703,545
611,476249,174
612,476424,144
613,476569,1843
614,478413,292
615,478706,1114
616,479821,733
617,480555,94
618,480650,334
619,480985,19
620,481005,53
621,481059,17
622,481077,62
623,481140,17
624,481158,1252
625,482411,1134
626,483546,37
627,483584,139
628,483724,26
629,483751,17
630,483769,892
631,484662,17
632,484680,49
633,484730,792
634,485523,121
635,485645,1261
636,486907,1345
637,488253,18
638,488272,146
639,488419,163
640,488583,18
641,488602,18
642,488621,196
643,488818,178
644,488997,17
645,489015,69
646,489085,677
647,489763,776
648,490540,627
649,491168,64
650,491233,491
651,491725,64
652,491790,242
653,492033,266
654,492300,17
655,492318,110
656,492429,26
657,492456,17
658,492474,142
659,492617,65
660,492683,17
661,492701,26
662,492728,453
663,493182,34
664,493217,1766
665,494984,54
666,495039,539
667,495579,438
668,496018,162
669,496181,461
670,496643,829
671,497473,18
672,497492,523
673,498016,210
674,498227,297
675,498525,57
676,498583,405
677,498989,917
678,499907,568
679,500476,128
680,500605,120
681,500726,497
682,501224,287
683,501512,339
684,501852,289
685,502142,279
686,502422,90
687,502513,103
688,502617,35
689,502653,692
690,503346,138
691,503485,264
692,503750,955
693,504706,32
694,504739,28
695,504768,1847
696,506616,77
697,506694,84
698,506779,56
699,506836,496
700,507333,257
701,507591,478
702,508070,321
703,508392,561
704,508954,66
705,509021,936
706,509958,18
707,509977,1127
708,511105,278
709,511384,1040
710,512425,1384
711,513810,329
712,514140,262
713,514403,82
714,514486,175
715,514662,129
716,514792,298
717,515091,161
718,515253,106
719,515360,158
720,515519,120
721,515640,141
722,515782,16
723,515799,17
724,515817,26
725,515844,17
726,515862,26
727,515889,359
728,516249,581
729,516831,333
730,517165,256
731,517422,99
732,517522,213
733,517736,736
734,518473,364
735,518838,324
736,519163,291
737,519455,345
738,519801,187
739,519989,666
740,520656,243
741,520900,55
742,520956,330
743,521287,424
744,521712,403
745,522116,413
746,522530,245
747,522776,64
748,522841,74
749,522916,530
750,523447,144
751,523592,17
752,523610,68
753,523679,47
754,523727,396
755,524124,201
756,524326,568
757,524895,334
758,525230,116
759,525347,92
760,525440,309
761,525750,68
762,525819,22
763,525842,35
764,525878,28
765,525907,18
766,525926,1154
767,527081,323
768,527405,167
769,527573,389
770,527963,90
771,528054,143
772,528198,505
773,528704,294
774,528999,270
775,529270,164
776,529435,25
777,529461,154
778,529616,529
779,530146,261
780,530408,69
781,530478,75
782,530554,278
783,530833,280
784,531114,368
785,531483,791
786,532275,374
787,532650,55
788,532706,149
789,532856,829
790,533686,63
791,533750,31
792,533782,39
793,533822,422
794,534245,116
795,534362,160
796,534523,82
797,534606,85
798,534692,769
799,535462,277
800,535740,70
801,535811,287
802,536099,166
803,536266,63
804,536330,454
805,536785,17
806,536803,170
807,536974,311
808,537286,51
809,537338,772
810,538111,174
811,538286,123
812,538410,240
813,538651,125
814,538777,304
815,539082,114
816,539197,449
817,539647,17
818,539665,566
819,540232,39
820,540272,721
821,540994,395
822,541390,662
823,542053,75
824,542129,915
825,543045,388
826,543434,18
827,543453,83
828,543537,478
829,544016,190
830,544207,213
831,544421,21
832,544443,135
833,544579,65
834,544645,18
835,544664,260
836,544925,205
837,545131,74
838,545206,41
839,545248,132
840,545381,1016
841,546398,217
842,546616,240
843,546857,229
844,547087,242
845,547330,167
846,547498,18
847,547517,353
848,547871,94
849,547966,47
850,548014,27
851,548042,370
852,548413,18
853,548432,77
854,548510,18
855,548529,401
856,548931,74
857,549006,654
858,549661,139
859,549801,129
860,549931,77
861,550009,17
862,550027,26
863,550054,17
864,550072,26
865,550099,37
866,550137,41
867,550179,71
868,550251,75
869,550327,344
870,550672,737
871,551410,176
872,551587,46
873,551634,537
874,552172,27
875,552200,90
876,552291,507
877,552799,686
878,553486,201
879,553688,203
880,553892,155
881,554048,177
882,554226,383
883,554610,123
884,554734,404
885,555139,208
886,555348,64
887,555413,100
888,555514,55
889,555570,172
890,555743,173
891,555917,242
892,556160,28
893,556189,293
894,556483,473
895,556957,27
896,556985,18
897,557004,123
898,557128,2330
899,559459,98
900,559558,575
901,560134,593
902,560728,98
903,560827,480
904,561308,112
905,561421,261
906,561683,94
907,561778,19
908,561798,85
909,561884,68
910,561953,735
911,562689,45
912,562735,267
913,563003,457
914,563461,57
915,563519,277
916,563797,974
917,564772,320
918,565093,152
919,565246,42
920,565289,18
921,565308,41
922,565350,217
923,565568,366
924,565935,52
925,565988,334
926,566323,462
927,566786,369
928,567156,699
929,567856,100
930,567957,18
931,567976,195
932,568172,105
933,568278,100
934,568379,59
935,568439,159
936,568599,685
937,569285,261
938,569547,26
939,569574,211
940,569786,62
941,569849,205
942,570055,429
943,570485,208
944,570694,208
945,570903,26
946,570930,93
947,571024,41
948,571066,483
949,571550,124
950,571675,166
951,571842,16
952,571859,37
953,571897,39
954,571937,69
955,572007,119
956,572127,166
957,572294,367
958,572662,832
959,573495,575
960,574071,405
961,574477,186
962,574664,17
963,574682,73
964,574756,87
965,574844,45
966,574890,215
967,575106,55
968,575162,140
969,575303,324
970,575628,228
971,575857,148
972,576006,327
973,576334,191
974,576526,288
975,576815,489
976,577305,374
977,577680,724
978,578405,134
979,578540,129
980,578670,36
981,578707,187
982,578895,197
983,579093,205
984,579299,17
985,579317,57
986,579375,176
987,579552,26
988,579579,115
989,579695,19
990,579715,17
991,579733,31
992,579765,17
993,579783,644
994,580428,283
995,580712,47
996,580760,81
997,580842,106
998,580949,132
999,581082,47
1000,581130,70
1001,581201,108
1002,581310,236
1003,581547,19
1004,581567,329
1005,581897,19
1006,581917,301
1007,582219,589
1008,582809,201
1009,583011,28
1010,583040,210
1011,583251,181
1012,583433,216
1013,583650,335
1014,583986,56
1015,584043,96
1016,584140,196
1017,584337,60
1018,584398,203
1019,584602,102
1020,584705,122
1021,584828,92
1022,584921,68
1023,584990,44
1024,585035,82
1025,585118,27
1026,585146,92
1027,585239,111
1028,585351,48
1029,585400,466
1030,585867,103
1031,585971,75
1032,586047,256
1033,586304,37
1034,586342,66
1035,586409,63
1036,586473,271
1037,586745,58
1038,586804,36
1039,586841,47
1040,586889,780
1041,587670,703
1042,588374,83
1043,588458,78
1044,588537,265
1045,588803,350
1046,589154,29
1047,589184,149
1048,589334,27
1049,589362,718
1050,590081,59
1051,590141,216
1052,590358,132
1053,590491,36
1054,590528,247
1055,590776,38
1056,590815,106
1057,590922,96
1058,591019,397
1059,591417,63
1060,591481,498
1061,591980,155
1062,592136,145
1063,592282,35
1064,592318,306
1065,592625,91
1066,592717,28
1067,592746,36
1068,592783,250
1069,593034,120
1070,593155,18
1071,593174,538
1072,593713,144
1073,593858,28
1074,593887,765
1075,594653,95
1076,594749,99
1077,594849,300
1078,595150,143
1079,595294,28
1080,595323,147
1081,595471,28
1082,595500,19
1083,595520,68
1084,595589,38
1085,595628,227
1086,595856,48
1087,595905,19
1088,595925,1045
1089,596971,250
1090,597222,27
1091,597250,77
1092,597328,37
1093,597366,19
1094,597386,166
1095,597553,37
1096,597591,18
1097,597610,580
1098,598191,75
1099,598267,165
1100,598433,320
1101,598754,195
1102,598950,360
1103,599311,63
1104,599375,727
1105,600103,53
1106,600157,86
1107,600244,156
1108,600401,147
1109,600549,397
1110,600947,45
1111,600993,137
1112,601131,878
1113,602010,164
1114,602175,63
1115,602239,135
1116,602375,48
1117,602424,17
1118,602442,17
1119,602460,408
1120,602869,179
1121,603049,26
1122,603076,163
1123,603240,359
1124,603600,307
1125,603908,307
1126,604216,176
1127,604393,65
1128,604459,75
1129,604535,115
1130,604651,28
1131,604680,529
1132,605210,279
1133,605490,38
1134,605529,183
1135,605713,279
1136,605993,185
1137,606179,77
1138,606257,202
1139,606460,74
1140,606535,144
1141,606680,335
1142,607016,122
1143,607139,114
1144,607254,18
1145,607273,47
1146,607321,250
1147,607572,57
1148,607630,19
1149,607650,258
1150,607909,426
1151,608336,19
1152,608356,122
1153,608479,404
1154,608884,371
1155,609256,352
1156,609609,21
1157,609631,185
1158,609817,521
1159,610339,86
1160,610426,372
1161,610799,82
1162,610882,160
1163,611043,88
1164,611132,73
1165,611206,248
1166,611455,19
1167,611475,72
1168,611548,72
1169,611621,19
1170,611641,19
1171,611661,74
1172,611736,136
1173,611873,58
1174,611932,128
1175,612061,48
1176,612110,35
1177,612146,239
1178,612386,188
1179,612575,67
1180,612643,383
1181,613027,377
1182,613405,81
1183,613487,157
1184,613645,443
1185,614089,46
1186,614136,37
1187,614174,70
1188,614245,42
1189,614288,91
1190,614380,115
1191,614496,92
1192,614589,19
1193,614609,29
1194,614639,200
1195,614840,19
1196,614860,46
1197,614907,71
1198,614979,27
1199,615007,46
1200,615054,18
1201,615073,18
1202,615092,103
1203,615196,58
1204,615255,66
1205,615322,66
1206,615389,97
1207,615487,48
1208,615536,171
1209,615708,429
1210,616138,41
1211,616180,121
1212,616302,45
1213,616348,520
1214,616869,235
1215,617105,54
1216,617160,128
1217,617289,103
1218,617393,82
1219,617476,177
1220,617654,456
1221,618111,89
1222,618201,186
1223,618388,26
1224,618415,156
1225,618572,76
1226,618649,390
1227,619040,200
1228,619241,111
1229,619353,51
1230,619405,35
1231,619441,18
1232,619460,36
1233,619497,37
1234,619535,56
1235,619592,149
1236,619742,230
1237,619973,52
1238,620026,315
1239,620342,343
1240,620686,153
1241,620840,178
1242,621019,345
1243,621365,18
1244,621384,77
1245,621462,232
1246,621695,40
1247,621736,355
1248,622092,22
1249,622115,207
1250,622323,108
1251,622432,78
1252,622511,64
1253,622576,19
1254,622596,139
1255,622736,101
1256,622838,121
1257,622960,144
1258,623105,398
1259,623504,27
1260,623532,302
1261,623835,148
1262,623984,28
1263,624013,296
1264,624310,409
1265,624720,19
1266,624740,143
1267,624884,50
1268,624935,19
1269,624955,109
1270,625065,51
1271,625117,123
1272,625241,19
1273,625261,40
1274,625302,19
1275,625322,45
1276,625368,36
1277,625405,17
1278,625423,115
1279,625539,360
1280,625900,56
1281,625957,18
1282,625976,169
1283,626146,217
1284,626364,97
1285,626462,170
1286,626633,50
1287,626684,133
1288,626818,378
1289,627197,105
1290,627303,131
1291,627435,57
1292,627493,36
1293,627530,159
1294,627690,204
1295,627895,450
1296,628346,48
1297,628395,19
1298,628415,77
1299,628493,21
1300,628515,55
1301,628571,334
1302,628906,37
1303,628944,150
1304,629095,48
1305,629144,202
1306,629347,60
1307,629408,19
1308,629428,242
1309,629671,67
1310,629739,19
1311,629759,19
1312,629779,158
1313,629938,89
1314,630028,33
1315,630062,19
1316,630082,300
1317,630383,29
1318,630413,171
1319,630585,132
1320,630718,164
1321,630883,55
1322,630939,72
1323,631012,29
1324,631042,318
1325,631361,142
1326,631504,38
1327,631543,22
1328,631566,227
1329,631794,67
1330,631862,56
1331,631919,17
1332,631937,106
1333,632044,106
1334,632151,26
1335,632178,33
1336,632212,242
1337,632455,70
1338,632526,199
1339,632726,45
1340,632772,18
1341,632791,28
1342,632820,177
1343,632998,18
1344,633017,18
1345,633036,27
1346,633064,48
1347,633113,142
1348,633256,18
1349,633275,27
1350,633303,19
1351,633323,147
1352,633471,19
1353,633491,19
1354,633511,69
1355,633581,69
1356,633651,177
1357,633829,18
1358,633848,138
1359,633987,277
1360,634265,51
1361,634317,90
1362,634408,57
1363,634466,73
1364,634540,114
1365,634655,28
1366,634684,79
1367,634764,67
1368,634832,22
1369,634855,18
1370,634874,19
1371,634894,19
1372,634914,136
1373,635051,36
1374,635088,29
1375,635118,19
1376,635138,37
1377,635176,37
1378,635214,46
1379,635261,92
1380,635354,49
1381,635404,72
1382,635477,109
1383,635587,47
1384,635635,35
1385,635671,107
1386,635779,35
1387,635815,46
1388,635862,63
1389,635926,21
1390,635948,151
1391,636100,18
1392,636119,27
1393,636147,18
1394,636166,124
1395,636291,100
1396,636392,277
1397,636670,60
1398,636731,175
1399,636907,131
1400,637039,126
1401,637166,63
1402,637230,18
1403,637249,73
1404,637323,82
1405,637406,38
1406,637445,39
1407,637485,87
1408,637573,39
1409,637613,19
1410,637633,29
1411,637663,48
1412,637712,175
1413,637888,134
1414,638023,19
1415,638043,58
1416,638102,19
1417,638122,19
1418,638142,19
1419,638162,19
1420,638182,39
1421,638222,28
1422,638251,38
1423,638290,33
1424,638324,139
1425,638464,39
1426,638504,206
1427,638711,57
1428,638769,40
1429,638810,26
1430,638837,35
1431,638873,27
1432,638901,20
1433,638922,17
1434,638940,54
1435,638995,18
1436,639014,18
1437,639033,107
1438,639141,517
1439,639659,28
1440,639688,131
1441,639820,108
1442,639929,210
1443,640140,289
1444,640430,90
1445,640521,19
1446,640541,110
1447,640652,290
1448,640943,138
1449,641082,47
1450,641130,42
1451,641173,49
1452,641223,289
1453,641513,57
1454,641571,18
1455,641590,18
1456,641609,28
1457,641638,29
1458,641668,101
1459,641770,88
1460,641859,37
1461,641897,18
1462,641916,27
1463,641944,28
1464,641973,19
1465,641993,69
1466,642063,32
1467,642096,146
1468,642243,23
1469,642267,175
1470,642443,56
1471,642500,48
1472,642549,29
1473,642579,19
1474,642599,65
1475,642665,120
1476,642786,49
1477,642836,28
1478,642865,38
1479,642904,57
1480,642962,19
1481,642982,39
1482,643022,155
1483,643178,19
1484,643198,234
1485,643433,136
1486,643570,65
1487,643636,104
1488,643741,28
1489,643770,27
1490,643798,19
1491,643818,45
1492,643864,18
1493,643883,265
1494,644149,18
1495,644168,18
1496,644187,28
1497,644216,38
1498,644255,48
1499,644304,19
1500,644324,27
1501,644352,151
1502,644504,55
1503,644560,18
1504,644579,18
1505,644598,78
1506,644677,18
1507,644696,174
1508,644871,56
1509,644928,36
1510,644965,46
1511,645012,66
1512,645079,158
1513,645238,74
1514,645313,19
1515,645333,19
1516,645353,104
1517,645458,250
1518,645709,38
1519,645748,44
1520,645793,1051
1521,646845,93
1522,646939,37
1523,646977,55
1524,647033,128
1525,647162,45
1526,647208,290
1527,647499,38
1528,647538,64
1529,647603,319
1530,647923,19
1531,647943,53
1532,647997,294
1533,648292,278
1534,648571,39
1535,648611,18
1536,648630,71
1537,648702,28
1538,648731,107
1539,648839,178
1540,649018,299
1541,649318,18
1542,649337,18
1543,649356,102
1544,649459,19
1545,649479,213
1546,649693,89
1547,649783,30
1548,649814,241
1549,650056,28
1550,650085,47
1551,650133,1048
1552,651182,117
1553,651300,202
1554,651503,69
1555,651573,107
1556,651681,195
1557,651877,36
1558,651914,18
1559,651933,18
1560,651952,18
1561,651971,70
1562,652042,82
1563,652125,18
1564,652144,114
1565,652259,31
1566,652291,18
1567,652310,18
1568,652329,18
1569,652348,18
1570,652367,78
1571,652446,32
1572,652479,94
1573,652574,207
1574,652782,18
1575,652801,18
1576,652820,18
1577,652839,54
1578,652894,19
1579,652914,19
1580,652934,62
1581,652997,19
1582,653017,19
1583,653037,38
1584,653076,39
1585,653116,93
1586,653210,264
1587,653475,142
1588,653618,119
1589,653738,278
1590,654017,82
1591,654100,86
1592,654187,51
1593,654239,19
1594,654259,131
1595,654391,19
1596,654411,163
1597,654575,47
1598,654623,29
1599,654653,154
1600,654808,94
1601,654903,38
1602,654942,50
1603,654993,27
1604,655021,22
1605,655044,22
1606,655067,64
1607,655132,21
1608,655154,18
1609,655173,19
1610,655193,36
1611,655230,155
1612,655386,76
1613,655463,71
1614,655535,18
1615,655554,18
1616,655573,202
1617,655776,18
1618,655795,28
1619,655824,19
1620,655844,18
1621,655863,173
1622,656037,179
1623,656217,67
1624,656285,138
1625,656424,37
1626,656462,47
1627,656510,66
1628,656577,78
1629,656656,18
1630,656675,18
1631,656694,18
1632,656713,118
1633,656832,18
1634,656851,96
1635,656948,56
1636,657005,94
1637,657100,18
1638,657119,36
1639,657156,22
1640,657179,149
1641,657329,47
1642,657377,48
1643,657426,28
1644,657455,126
1645,657582,19
1646,657602,29
1647,657632,48
1648,657681,18
1649,657700,88
1650,657789,62
1651,657852,57
1652,657910,65
1653,657976,226
1654,658203,252
1655,658456,191
1656,658648,19
1657,658668,155
1658,658824,37
1659,658862,19
1660,658882,85
1661,658968,302
1662,659271,236
1663,659508,31
1664,659540,66
1665,659607,100
1666,659708,48
1667,659757,99
1668,659857,46
1669,659904,18
1670,659923,18
1671,659942,37
1672,659980,40
1673,660021,438
1674,660460,31
1675,660492,142
1676,660635,40
1677,660676,57
1678,660734,32
1679,660767,27
1680,660795,26
1681,660822,24
1682,660847,18
1683,660866,89
1684,660956,188
1685,661145,18
1686,661164,29
1687,661194,20
1688,661215,18
1689,661234,139
1690,661374,151
1691,661526,19
1692,661546,53
1693,661600,65
1694,661666,50
1695,661717,100
1696,661818,29
1697,661848,100
1698,661949,49
1699,661999,84
1700,662084,35
1701,662120,112
1702,662233,45
1703,662279,152
1704,662432,66
1705,662499,124
1706,662624,28
1707,662653,18
1708,662672,27
1709,662700,27
1710,662728,18
1711,662747,38
1712,662786,29
1713,662816,18
1714,662835,28
1715,662864,231
1716,663096,29
1717,663126,110
1718,663237,56
1719,663294,63
1720,663358,81
1721,663440,21
1722,663462,27
1723,663490,18
1724,663509,29
1725,663539,159
1726,663699,41
1727,663741,42
1728,663784,18
1729,663803,181
1730,663985,104
1731,664090,48
1732,664139,85
1733,664225,28
1734,664254,28
1735,664283,66
1736,664350,65
1737,664416,19
1738,664436,19
1739,664456,28
1740,664485,99
1741,664585,17
1742,664603,17
1743,664621,27
1744,664649,72
1745,664722,185
1746,664908,113
1747,665022,38
1748,665061,36
1749,665098,63
1750,665162,86
1751,665249,165
1752,665415,37
1753,665453,164
1754,665618,304
1755,665923,55
1756,665979,488
1757,666468,63
1758,666532,30
1759,666563,392
1760,666956,18
1761,666975,22
1762,666998,48
1763,667047,18
1764,667066,18
1765,667085,71
1766,667157,113
1767,667271,28
1768,667300,156
1769,667457,58
1770,667516,19
1771,667536,275
1772,667812,47
1773,667860,46
1774,667907,111
1775,668019,229
1776,668249,120
1777,668370,129
1778,668500,37
1779,668538,19
1780,668558,39
1781,668598,127
1782,668726,18
1783,668745,18
1784,668764,66
1785,668831,85
1786,668917,27
1787,668945,19
1788,668965,100
1789,669066,37
1790,669104,19
1791,669124,18
1792,669143,46
1793,669190,18
1794,669209,360
1795,669570,19
1796,669590,47
1797,669638,51
1798,669690,105
1799,669796,209
1800,670006,22
1801,670029,22
1802,670052,54
1803,670107,38
1804,670146,23
1805,670170,19
1806,670190,29
1807,670220,195
1808,670416,49
1809,670466,19
1810,670486,19
1811,670506,19
1812,670526,19
1813,670546,47
1814,670594,43
1815,670638,18
1816,670657,133
1817,670791,18
1818,670810,19
1819,670830,30
1820,670861,75
1821,670937,227
1822,671165,47
1823,671213,124
1824,671338,153
1825,671492,22
1826,671515,312
1827,671828,466
1828,672295,66
1829,672362,18
1830,672381,18
1831,672400,57
1832,672458,47
1833,672506,28
1834,672535,180
1835,672716,155
1836,672872,45
1837,672918,19
1838,672938,19
1839,672958,28
1840,672987,48
1841,673036,27
1842,673064,169
1843,673234,61
1844,673296,92
1845,673389,19
1846,673409,77
1847,673487,48
1848,673536,28
1849,673565,141
1850,673707,97
1851,673805,29
1852,673835,28
1853,673864,61
1854,673926,18
1855,673945,18
1856,673964,40
1857,674005,145
1858,674151,18
1859,674170,227
1860,674398,47
1861,674446,80
1862,674527,107
1863,674635,18
1864,674654,137
1865,674792,39
1866,674832,286
1867,675119,31
1868,675151,52
1869,675204,28
1870,675233,60
1871,675294,35
1872,675330,157
1873,675488,106
1874,675595,31
1875,675627,19
1876,675647,78
1877,675726,48
1878,675775,52
1879,675828,81
1880,675910,145
1881,676056,121
1882,676178,223
1883,676402,216
1884,676619,27
1885,676647,133
1886,676781,38
1887,676820,130
1888,676951,65
1889,677017,103
1890,677121,38
1891,677160,148
1892,677309,167
1893,677477,48
1894,677526,19
1895,677546,73
1896,677620,57
1897,677678,57
1898,677736,76
1899,677813,18
1900,677832,27
1901,677860,18
1902,677879,42
1903,677922,18
1904,677941,150
1905,678092,38
1906,678131,29
1907,678161,23
1908,678185,19
1909,678205,27
1910,678233,37
1911,678271,28
1912,678300,18
1913,678319,18
1914,678338,30
1915,678369,26
1916,678396,28
1917,678425,50
1918,678476,19
1919,678496,144
1920,678641,49
1921,678691,39
1922,678731,18
1923,678750,27
1924,678778,18
1925,678797,18
1926,678816,98
1927,678915,27
1928,678943,18
1929,678962,18
1930,678981,83
1931,679065,67
1932,679133,28
1933,679162,19
1934,679182,29
1935,679212,37
1936,679250,19
1937,679270,29
1938,679300,63
1939,679364,37
1940,679402,74
1941,679477,160
1942,679638,28
1943,679667,22
1944,679690,30
1945,679721,96
1946,679818,96
1947,679915,19
1948,679935,19
1949,679955,19
1950,679975,80
1951,680056,67
1952,680124,19
1953,680144,49
1954,680194,45
1955,680240,138
1956,680379,29
1957,680409,19
1958,680429,59
1959,680489,44
1960,680534,27
1961,680562,135
1962,680698,29
1963,680728,133
1964,680862,94
1965,680957,117
1966,681075,18
1967,681094,28
1968,681123,177
1969,681301,130
1970,681432,18
1971,681451,64
1972,681516,27
1973,681544,19
1974,681564,47
1975,681612,84
1976,681697,332
1977,682030,18
1978,682049,42
1979,682092,27
1980,682120,49
1981,682170,51
1982,682222,19
1983,682242,19
1984,682262,39
1985,682302,37
1986,682340,43
1987,682384,66
1988,682451,73
1989,682525,27
1990,682553,114
1991,682668,27
1992,682696,146
1993,682843,29
1994,682873,43
1995,682917,29
1996,682947,23
1997,682971,52
1998,683024,56
1999,683081,23
2000,683105,19
2001,683125,29
2002,683155,33
2003,683189,19
2004,683209,82
2005,683292,95
2006,683388,29
2007,683418,19
2008,683438,29
2009,683468,74
2010,683543,19
2011,683563,19
2012,683583,19
2013,683603,29
2014,683633,28
2015,683662,48
2016,683711,85
2017,683797,18
2018,683816,18
2019,683835,18
2020,683854,90
2021,683945,19
2022,683965,52
2023,684018,113
2024,684132,31
2025,684164,19
2026,684184,72
2027,684257,19
2028,684277,85
2029,684363,19
2030,684383,19
2031,684403,19
2032,684423,19
2033,684443,19
2034,684463,23
2035,684487,19
2036,684507,19
2037,684527,133
2038,684661,19
2039,684681,19
2040,684701,19
2041,684721,35
2042,684757,177
2043,684935,18
2044,684954,46
2045,685001,45
2046,685047,30
2047,685078,29
2048,685108,121
2049,685230,60
2050,685291,124
2051,685416,68
2052,685485,49
2053,685535,27
2054,685563,44
2055,685608,45
2056,685654,51
2057,685706,22
2058,685729,19
2059,685749,19
2060,685769,90
2061,685860,57
2062,685918,46
2063,685965,224
2064,686190,38
2065,686229,23
2066,686253,17
2067,686271,17
2068,686289,17
2069,686307,107
2070,686415,65
2071,686481,34
2072,686516,18
2073,686535,86
2074,686622,19
2075,686642,42
2076,686685,19
2077,686705,46
2078,686752,19
2079,686772,17
2080,686790,114
2081,686905,104
2082,687010,144
2083,687155,70
2084,687226,61
2085,687288,47
2086,687336,107
2087,687444,36
2088,687481,46
2089,687528,51
2090,687580,37
2091,687618,19
2092,687638,19
2093,687658,28
2094,687687,19
2095,687707,98
2096,687806,77
2097,687884,18
2098,687903,34
2099,687938,27
2100,687966,19
2101,687986,50
2102,688037,39
2103,688077,77
2104,688155,114
2105,688270,87
2106,688358,40
2107,688399,37
2108,688437,82
2109,688520,47
2110,688568,49
2111,688618,31
2112,688650,29
2113,688680,19
2114,688700,38
2115,688739,19
2116,688759,41
2117,688801,18
2118,688820,22
2119,688843,19
2120,688863,19
2121,688883,32
2122,688916,19
2123,688936,28
2124,688965,65
2125,689031,19
2126,689051,19
2127,689071,42
2128,689114,101
2129,689216,27
2130,689244,19
2131,689264,17
2132,689282,17
2133,689300,27
2134,689328,45
2135,689374,115
2136,689490,18
2137,689509,18
2138,689528,18
2139,689547,19
2140,689567,28
2141,689596,58
2142,689655,71
2143,689727,19
2144,689747,19
2145,689767,19
2146,689787,18
2147,689806,18
2148,689825,27
2149,689853,55
2150,689909,36
2151,689946,17
2152,689964,39
2153,690004,30
2154,690035,38
2155,690074,26
2156,690101,32
2157,690134,28
2158,690163,28
2159,690192,73
2160,690266,18
2161,690285,70
2162,690356,19
2163,690376,60
2164,690437,29
2165,690467,67
2166,690535,36
2167,690572,48
2168,690621,18
2169,690640,62
2170,690703,57
2171,690761,48
2172,690810,19
2173,690830,28
2174,690859,55
2175,690915,48
2176,690964,18
2177,690983,45
2178,691029,18
2179,691048,34
2180,691083,70
2181,691154,48
2182,691203,18
2183,691222,31
2184,691254,18
2185,691273,45
2186,691319,18
2187,691338,170
2188,691509,65
2189,691575,67
2190,691643,127
2191,691771,69
2192,691841,19
2193,691861,69
2194,691931,19
2195,691951,19
2196,691971,133
2197,692105,83
2198,692189,152
2199,692342,29
2200,692372,35
2201,692408,94
2202,692503,68
2203,692572,19
2204,692592,29
2205,692622,92
2206,692715,19
2207,692735,55
2208,692791,18
2209,692810,174
2210,692985,49
2211,693035,137
2212,693173,19
2213,693193,28
2214,693222,29
2215,693252,94
2216,693347,19
2217,693367,27
2218,693395,57
2219,693453,19
2220,693473,19
2221,693493,19
2222,693513,151
2223,693665,18
2224,693684,46
2225,693731,92
2226,693824,18
2227,693843,18
2228,693862,56
2229,693919,28
2230,693948,109
2231,694058,38
2232,694097,23
2233,694121,357
2234,694479,58
2235,694538,37
2236,694576,19
2237,694596,29
2238,694626,37
2239,694664,61
2240,694726,274
2241,695001,119
2242,695121,38
2243,695160,19
2244,695180,18
2245,695199,46
2246,695246,18
2247,695265,18
2248,695284,19
2249,695304,33
2250,695338,19
2251,695358,67
2252,695426,19
2253,695446,38
2254,695485,38
2255,695524,18
2256,695543,18
2257,695562,51
2258,695614,133
2259,695748,27
2260,695776,43
2261,695820,28
2262,695849,27
2263,695877,18
2264,695896,19
2265,695916,28
2266,695945,135
2267,696081,35
2268,696117,18
2269,696136,76
2270,696213,57
2271,696271,64
2272,696336,19
2273,696356,18
2274,696375,153
2275,696529,18
2276,696548,18
2277,696567,108
2278,696676,61
2279,696738,23
2280,696762,19
2281,696782,67
2282,696850,19
2283,696870,19
2284,696890,19
2285,696910,28
2286,696939,117
2287,697057,218
2288,697276,47
2289,697324,38
2290,697363,18
2291,697382,32
2292,697415,19
2293,697435,37
2294,697473,38
2295,697512,23
2296,697536,28
2297,697565,37
2298,697603,89
2299,697693,27
2300,697721,19
2301,697741,183
2302,697925,139
2303,698065,48
2304,698114,18
2305,698133,29
2306,698163,19
2307,698183,19
2308,698203,66
2309,698270,67
2310,698338,58
2311,698397,69
2312,698467,28
2313,698496,47
2314,698544,156
2315,698701,18
2316,698720,18
2317,698739,19
2318,698759,38
2319,698798,45
2320,698844,47
2321,698892,68
2322,698961,18
2323,698980,19
2324,699000,19
2325,699020,19
2326,699040,31
2327,699072,27
2328,699100,19
2329,699120,28
2330,699149,33
2331,699183,19
2332,699203,19
2333,699223,124
2334,699348,96
2335,699445,35
2336,699481,18
2337,699500,61
2338,699562,28
2339,699591,19
2340,699611,28
2341,699640,18
2342,699659,28
2343,699688,36
2344,699725,101
2345,699827,372
2346,700200,71
2347,700272,51
2348,700324,117
2349,700442,54
2350,700497,176
2351,700674,45
2352,700720,84
2353,700805,18
2354,700824,69
2355,700894,18
2356,700913,45
2357,700959,18
2358,700978,18
2359,700997,97
2360,701095,38
2361,701134,19
2362,701154,49
2363,701204,77
2364,701282,137
2365,701420,19
2366,701440,19
2367,701460,19
2368,701480,116
2369,701597,19
2370,701617,19
2371,701637,38
2372,701676,43
2373,701720,64
2374,701785,36
2375,701822,95
2376,701918,203
2377,702122,19
2378,702142,70
2379,702213,27
2380,702241,29
2381,702271,69
2382,702341,86
2383,702428,20
2384,702449,17
2385,702467,17
2386,702485,17
2387,702503,17
2388,702521,27
2389,702549,72
2390,702622,28
2391,702651,141
2392,702793,57
2393,702851,95
2394,702947,48
2395,702996,26
2396,703023,21
2397,703045,61
2398,703107,18
2399,703126,18
2400,703145,40
2401,703186,28
2402,703215,76
2403,703292,29
2404,703322,18
2405,703341,18
2406,703360,18
2407,703379,42
2408,703422,83
2409,703506,19
2410,703526,29
2411,703556,18
2412,703575,18
2413,703594,109
2414,703704,18
2415,703723,18
2416,703742,40
2417,703783,65
2418,703849,37
2419,703887,18
2420,703906,18
2421,703925,18
2422,703944,18
2423,703963,27
2424,703991,30
2425,704022,19
2426,704042,19
2427,704062,28
2428,704091,87
2429,704179,27
2430,704207,91
2431,704299,41
2432,704341,19
2433,704361,23
2434,704385,19
2435,704405,19
2436,704425,82
2437,704508,19
2438,704528,19
2439,704548,19
2440,704568,33
2441,704602,29
2442,704632,28
2443,704661,28
2444,704690,19
2445,704710,19
2446,704730,19
2447,704750,29
2448,704780,105
2449,704886,28
2450,704915,101
2451,705017,19
2452,705037,38
2453,705076,19
2454,705096,234
2455,705331,18
2456,705350,18
2457,705369,19
2458,705389,119
2459,705509,19
2460,705529,157
2461,705687,33
2462,705721,18
2463,705740,28
2464,705769,33
2465,705803,27
2466,705831,46
2467,705878,29
2468,705908,19
2469,705928,41
2470,705970,27
2471,705998,27
2472,706026,37
2473,706064,27
2474,706092,18
2475,706111,72
2476,706184,58
2477,706243,66
2478,706310,29
2479,706340,28
2480,706369,54
2481,706424,23
2482,706448,37
2483,706486,19
2484,706506,19
2485,706526,18
2486,706545,40
2487,706586,98
2488,706685,19
2489,706705,67
2490,706773,74
2491,706848,23
2492,706872,18
2493,706891,24
2494,706916,18
2495,706935,18
2496,706954,73
2497,707028,18
2498,707047,19
2499,707067,28
2500,707096,19
2501,707116,23
2502,707140,19
2503,707160,28
2504,707189,47
2505,707237,19
2506,707257,19
2507,707277,38
2508,707316,28
2509,707345,27
2510,707373,18
2511,707392,45
2512,707438,18
2513,707457,29
2514,707487,36
2515,707524,18
2516,707543,41
2517,707585,39
2518,707625,19
2519,707645,19
2520,707665,19
2521,707685,19
2522,707705,19
2523,707725,55
2524,707781,19
2525,707801,23
2526,707825,47
2527,707873,19
2528,707893,72
2529,707966,40
2530,708007,19
2531,708027,21
2532,708049,45
2533,708095,23
2534,708119,30
2535,708150,109
2536,708260,29
2537,708290,19
2538,708310,19
2539,708330,58
2540,708389,38
2541,708428,19
2542,708448,58
2543,708507,29
2544,708537,19
2545,708557,19
2546,708577,19
2547,708597,19
2548,708617,26
2549,708644,79
2550,708724,18
2551,708743,18
2552,708762,36
2553,708799,47
2554,708847,62
2555,708910,28
2556,708939,29
2557,708969,23
2558,708993,23
2559,709017,19
2560,709037,67
2561,709105,39
2562,709145,19
2563,709165,201
2564,709367,36
2565,709404,42
2566,709447,32
2567,709480,40
2568,709521,18
2569,709540,18
2570,709559,18
2571,709578,18
2572,709597,47
2573,709645,19
2574,709665,29
2575,709695,21
2576,709717,18
2577,709736,26
2578,709763,198
2579,709962,48
2580,710011,49
2581,710061,41
2582,710103,60
2583,710164,19
2584,710184,27
2585,710212,18
2586,710231,18
2587,710250,21
2588,710272,19
2589,710292,19
2590,710312,21
2591,710334,58
2592,710393,18
2593,710412,21
2594,710434,18
2595,710453,18
2596,710472,18
2597,710491,19
2598,710511,19
2599,710531,19
2600,710551,18
2601,710570,18
2602,710589,38
2603,710628,69
2604,710698,18
2605,710717,19
2606,710737,27
2607,710765,18
2608,710784,122
2609,710907,31
2610,710939,19
2611,710959,52
2612,711012,18
2613,711031,18
2614,711050,18
2615,711069,21
2616,711091,54
2617,711146,39
2618,711186,102
2619,711289,57
2620,711347,30
2621,711378,27
2622,711406,18
2623,711425,85
2624,711511,70
2625,711582,19
2626,711602,18
2627,711621,27
2628,711649,46
2629,711696,19
2630,711716,19
2631,711736,18
2632,711755,18
2633,711774,31
2634,711806,22
2635,711829,22
2636,711852,72
2637,711925,19
2638,711945,19
2639,711965,38
2640,712004,19
2641,712024,18
2642,712043,23
2643,712067,28
2644,712096,61
2645,712158,19
2646,712178,28
2647,712207,28
2648,712236,18
2649,712255,18
2650,712274,18
2651,712293,19
2652,712313,28
2653,712342,18
2654,712361,59
2655,712421,74
2656,712496,19
2657,712516,75
2658,712592,64
2659,712657,29
2660,712687,19
2661,712707,18
2662,712726,18
2663,712745,19
2664,712765,19
2665,712785,18
2666,712804,61
2667,712866,19
2668,712886,33
2669,712920,99
2670,713020,59
2671,713080,57
2672,713138,19
2673,713158,19
2674,713178,18
2675,713197,18
2676,713216,18
2677,713235,18
2678,713254,18
2679,713273,54
2680,713328,19
2681,713348,23
2682,713372,18
2683,713391,18
2684,713410,18
2685,713429,37
2686,713467,18
2687,713486,18
2688,713505,18
2689,713524,18
2690,713543,18
2691,713562,18
2692,713581,23
2693,713605,19
2694,713625,29
2695,713655,42
2696,713698,23
2697,713722,19
2698,713742,19
2699,713762,20
2700,713783,18
2701,713802,18
2702,713821,19
2703,713841,19
2704,713861,19
2705,713881,19
2706,713901,19
2707,713921,66
2708,713988,27
2709,714016,42
2710,714059,45
2711,714105,17
2712,714123,17
2713,714141,17
2714,714159,17
2715,714177,17
2716,714195,89
2717,714285,49
2718,714335,27
2719,714363,27
2720,714391,137
2721,714529,66
2722,714596,28
2723,714625,18
2724,714644,18
2725,714663,18
2726,714682,29
2727,714712,28
2728,714741,147
2729,714889,32
2730,714922,20
2731,714943,54
2732,714998,37
2733,715036,19
2734,715056,29
2735,715086,17
2736,715104,17
2737,715122,17
2738,715140,22
2739,715163,18
2740,715182,18
2741,715201,18
2742,715220,18
2743,715239,18
2744,715258,18
2745,715277,18
2746,715296,18
2747,715315,18
2748,715334,18
2749,715353,28
2750,715382,27
2751,715410,18
2752,715429,18
2753,715448,89
2754,715538,18
2755,715557,18
2756,715576,18
2757,715595,18
2758,715614,18
2759,715633,18
2760,715652,18
2761,715671,18
2762,715690,22
2763,715713,18
2764,715732,18
2765,715751,18
2766,715770,29
2767,715800,18
2768,715819,18
2769,715838,18
2770,715857,18
2771,715876,19
2772,715896,17
2773,715914,31
2774,715946,19
2775,715966,45
2776,716012,19
2777,716032,19
2778,716052,18
2779,716071,20
2780,716092,23
2781,716116,30
2782,716147,18
2783,716166,18
2784,716185,44
2785,716230,24
2786,716255,19
2787,716275,31
2788,716307,73
2789,716381,18
2790,716400,18
2791,716419,18
2792,716438,44
2793,716483,56
2794,716540,18
2795,716559,18
2796,716578,66
2797,716645,34
2798,716680,36
2799,716717,29
2800,716747,19
2801,716767,19
2802,716787,48
2803,716836,21
2804,716858,21
2805,716880,18
2806,716899,18
2807,716918,27
2808,716946,18
2809,716965,18
2810,716984,27
2811,717012,37
2812,717050,215
2813,717266,18
2814,717285,42
2815,717328,69
2816,717398,29
2817,717428,19
2818,717448,38
2819,717487,19
2820,717507,42
2821,717550,18
2822,717569,18
2823,717588,27
2824,717616,18
2825,717635,18
2826,717654,18
2827,717673,18
2828,717692,36
2829,717729,18
2830,717748,18
2831,717767,18
2832,717786,19
2833,717806,38
2834,717845,28
2835,717874,55
2836,717930,63
2837,717994,31
2838,718026,29
2839,718056,18
2840,718075,21
2841,718097,27
2842,718125,18
2843,718144,23
2844,718168,23
2845,718192,19
2846,718212,19
2847,718232,28
2848,718261,19
2849,718281,28
2850,718310,23
2851,718334,19
2852,718354,29
2853,718384,19
2854,718404,28
2855,718433,37
2856,718471,19
2857,718491,23
2858,718515,27
2859,718543,45
2860,718589,18
2861,718608,37
2862,718646,28
2863,718675,31
2864,718707,18
2865,718726,19
2866,718746,42
2867,718789,18
2868,718808,18
2869,718827,23
2870,718851,18
2871,718870,35
2872,718906,45
2873,718952,18
2874,718971,30
2875,719002,37
2876,719040,18
2877,719059,18
2878,719078,19
2879,719098,46
2880,719145,67
2881,719213,46
2882,719260,29
2883,719290,39
2884,719330,18
2885,719349,51
2886,719401,21
2887,719423,18
2888,719442,18
2889,719461,21
2890,719483,18
2891,719502,18
2892,719521,19
2893,719541,19
2894,719561,19
2895,719581,27
2896,719609,28
2897,719638,250
2898,719889,327
2899,720217,35
2900,720253,55
2901,720309,65
2902,720375,18
2903,720394,18
2904,720413,18
2905,720432,46
2906,720479,28
2907,720508,18
2908,720527,36
2909,720564,75
2910,720640,68
2911,720709,39
2912,720749,40
2913,720790,28
2914,720819,58
2915,720878,18
2916,720897,27
2917,720925,74
2918,721000,37
2919,721038,23
2920,721062,58
2921,721121,58
2922,721180,59
2923,721240,18
2924,721259,18
2925,721278,18
2926,721297,18
2927,721316,18
2928,721335,18
2929,721354,28
2930,721383,18
2931,721402,18
2932,721421,19
2933,721441,38
2934,721480,115
2935,721596,18
2936,721615,54
2937,721670,67
2938,721738,18
2939,721757,18
2940,721776,18
2941,721795,18
2942,721814,19
2943,721834,49
2944,721884,18
2945,721903,17
2946,721921,17
2947,721939,28
2948,721968,18
2949,721987,20
2950,722008,17
2951,722026,17
2952,722044,17
2953,722062,18
2954,722081,40
2955,722122,27
2956,722150,18
2957,722169,18
2958,722188,75
2959,722264,18
2960,722283,18
2961,722302,20
2962,722323,51
2963,722375,18
2964,722394,37
2965,722432,18
2966,722451,19
2967,722471,52
2968,722524,29
2969,722554,19
2970,722574,113
2971,722688,18
2972,722707,18
2973,722726,18
2974,722745,18
2975,722764,18
2976,722783,18
2977,722802,18
2978,722821,63
2979,722885,80
2980,722966,28
2981,722995,23
2982,723019,23
2983,723043,19
2984,723063,19
2985,723083,19
2986,723103,19
2987,723123,19
2988,723143,19
2989,723163,28
2990,723192,39
2991,723232,18
2992,723251,18
2993,723270,47
2994,723318,19
2995,723338,17
2996,723356,17
2997,723374,17
2998,723392,18
2999,723411,18
3000,723430,18
3001,723449,18
3002,723468,18
3003,723487,19
3004,723507,37
3005,723545,50
3006,723596,94
3007,723691,18
3008,723710,18
3009,723729,18
3010,723748,18
3011,723767,48
3012,723816,19
3013,723836,19
3014,723856,19
3015,723876,21
3016,723898,33
3017,723932,79
3018,724012,42
3019,724055,41
3020,724097,33
3021,724131,18
3022,724150,18
3023,724169,18
3024,724188,19
3025,724208,29
3026,724238,19
3027,724258,19
3028,724278,19
3029,724298,19
3030,724318,18
3031,724337,18
3032,724356,28
3033,724385,18
3034,724404,18
3035,724423,18
3036,724442,18
3037,724461,18
3038,724480,18
3039,724499,18
3040,724518,83
3041,724602,39
3042,724642,28
3043,724671,35
3044,724707,27
3045,724735,18
3046,724754,18
3047,724773,18
3048,724792,18
3049,724811,47
3050,724859,18
3051,724878,18
3052,724897,18
3053,724916,18
3054,724935,17
3055,724953,23
3056,724977,28
3057,725006,18
3058,725025,22
3059,725048,36
3060,725085,70
3061,725156,34
3062,725191,18
3063,725210,48
3064,725259,25
3065,725285,78
3066,725364,19
3067,725384,27
3068,725412,19
3069,725432,18
3070,725451,31
3071,725483,32
3072,725516,31
3073,725548,28
3074,725577,25
3075,725603,18
3076,725622,18
3077,725641,19
3078,725661,37
3079,725699,19
3080,725719,18
3081,725738,18
3082,725757,18
3083,725776,18
3084,725795,18
3085,725814,28
3086,725843,37
3087,725881,26
3088,725908,19
3089,725928,17
3090,725946,18
3091,725965,18
3092,725984,27
3093,726012,19
3094,726032,19
3095,726052,38
3096,726091,19
3097,726111,18
3098,726130,19
3099,726150,19
3100,726170,28
3101,726199,19
3102,726219,28
3103,726248,18
3104,726267,18
3105,726286,18
3106,726305,27
3107,726333,18
3108,726352,35
3109,726388,56
3110,726445,18
3111,726464,18
3112,726483,18
3113,726502,18
3114,726521,18
3115,726540,27
3116,726568,18
3117,726587,31
3118,726619,18
3119,726638,38
3120,726677,35
3121,726713,18
3122,726732,19
3123,726752,229
3124,726982,34
3125,727017,22
3126,727040,19
3127,727060,70
3128,727131,27
3129,727159,18
3130,727178,18
3131,727197,38
3132,727236,18
3133,727255,27
3134,727283,22
3135,727306,35
3136,727342,27
3137,727370,19
3138,727390,27
3139,727418,21
3140,727440,18
3141,727459,29
3142,727489,18
3143,727508,38
3144,727547,23
3145,727571,19
3146,727591,19
3147,727611,19
3148,727631,18
3149,727650,30
3150,727681,19
3151,727701,19
3152,727721,19
3153,727741,18
3154,727760,24
3155,727785,18
3156,727804,18
3157,727823,18
3158,727842,18
3159,727861,18
3160,727880,18
3161,727899,18
3162,727918,18
3163,727937,19
3164,727957,19
3165,727977,90
3166,728068,18
3167,728087,20
3168,728108,18
3169,728127,19
3170,728147,28
3171,728176,31
3172,728208,50
3173,728259,63
3174,728323,19
3175,728343,41
3176,728385,19
3177,728405,18
3178,728424,18
3179,728443,18
3180,728462,46
3181,728509,19
3182,728529,19
3183,728549,19
3184,728569,19
3185,728589,19
3186,728609,19
3187,728629,29
3188,728659,19
3189,728679,19
3190,728699,18
3191,728718,27
3192,728746,18
3193,728765,19
3194,728785,28
3195,728814,28
3196,728843,19
3197,728863,29
3198,728893,19
3199,728913,19
3200,728933,28
3201,728962,19
3202,728982,19
3203,729002,19
3204,729022,19
3205,729042,27
3206,729070,18
3207,729089,29
3208,729119,24
3209,729144,27
3210,729172,27
3211,729200,37
3212,729238,18
3213,729257,150
3214,729408,18
3215,729427,19
3216,729447,19
3217,729467,19
3218,729487,67
3219,729555,19
3220,729575,29
3221,729605,27
3222,729633,19
3223,729653,19
3224,729673,19
3225,729693,19
3226,729713,29
3227,729743,19
3228,729763,19
3229,729783,19
3230,729803,29
3231,729833,18
3232,729852,18
3233,729871,28
3234,729900,18
3235,729919,18
3236,729938,18
3237,729957,25
3238,729983,26
3239,730010,18
3240,730029,31
3241,730061,19
3242,730081,28
3243,730110,18
3244,730129,28
3245,730158,18
3246,730177,27
3247,730205,36
3248,730242,18
3249,730261,90
3250,730352,18
3251,730371,32
3252,730404,34
3253,730439,18
3254,730458,18
3255,730477,19
3256,730497,19
3257,730517,21
3258,730539,36
3259,730576,55
3260,730632,18
3261,730651,21
3262,730673,18
3263,730692,46
3264,730739,27
3265,730767,18
3266,730786,33
3267,730820,18
3268,730839,19
3269,730859,19
3270,730879,17
3271,730897,41
3272,730939,18
3273,730958,37
3274,730996,22
3275,731019,18
3276,731038,18
3277,731057,23
3278,731081,21
3279,731103,21
3280,731125,18
3281,731144,18
3282,731163,19
3283,731183,18
3284,731202,34
3285,731237,19
3286,731257,23
3287,731281,19
3288,731301,28
3289,731330,27
3290,731358,19
3291,731378,29
3292,731408,19
3293,731428,28
3294,731457,19
3295,731477,39
3296,731517,31
3297,731549,29
3298,731579,19
3299,731599,18
3300,731618,19
3301,731638,27
3302,731666,18
3303,731685,50
3304,731736,18
3305,731755,47
3306,731803,18
3307,731822,28
3308,731851,36
3309,731888,39
3310,731928,32
3311,731961,19
3312,731981,27
3313,732009,23
3314,732033,23
3315,732057,20
3316,732078,18
3317,732097,18
3318,732116,41
3319,732158,20
3320,732179,45
3321,732225,19
3322,732245,50
3323,732296,71
3324,732368,18
3325,732387,37
3326,732425,23
3327,732449,22
3328,732472,21
3329,732494,21
3330,732516,140
3331,732657,18
3332,732676,18
3333,732695,19
3334,732715,51
3335,732767,48
3336,732816,17
3337,732834,17
3338,732852,155
3339,733008,17
3340,733026,23
3341,733050,18
3342,733069,19
3343,733089,20
3344,733110,18
3345,733129,18
3346,733148,28
3347,733177,18
3348,733196,18
3349,733215,21
3350,733237,17
3351,733255,21
3352,733277,32
3353,733310,18
3354,733329,28
3355,733358,19
3356,733378,18
3357,733397,28
3358,733426,19
3359,733446,28
3360,733475,18
3361,733494,18
3362,733513,27
3363,733541,28
3364,733570,37
3365,733608,19
3366,733628,32
3367,733661,18
3368,733680,18
3369,733699,36
3370,733736,34
3371,733771,18
3372,733790,18
3373,733809,18
3374,733828,18
3375,733847,27
3376,733875,18
3377,733894,19
3378,733914,19
3379,733934,19
3380,733954,17
3381,733972,17
3382,733990,17
3383,734008,25
3384,734034,21
3385,734056,35
3386,734092,27
3387,734120,47
3388,734168,27
3389,734196,18
3390,734215,18
3391,734234,29
3392,734264,19
3393,734284,42
3394,734327,22
3395,734350,37
3396,734388,19
3397,734408,18
3398,734427,18
3399,734446,18
3400,734465,19
3401,734485,19
3402,734505,18
3403,734524,18
3404,734543,46
3405,734590,18
3406,734609,39
3407,734649,39
3408,734689,49
3409,734739,54
3410,734794,19
3411,734814,70
3412,734885,18
3413,734904,18
3414,734923,18
3415,734942,45
3416,734988,29
3417,735018,19
3418,735038,40
3419,735079,18
3420,735098,18
3421,735117,28
3422,735146,28
3423,735175,21
3424,735197,18
3425,735216,18
3426,735235,41
3427,735277,19
3428,735297,19
3429,735317,19
3430,735337,45
3431,735383,28
3432,735412,53
3433,735466,18
3434,735485,18
3435,735504,18
3436,735523,18
3437,735542,18
3438,735561,18
3439,735580,23
3440,735604,19
3441,735624,19
3442,735644,19
3443,735664,19
3444,735684,19
3445,735704,29
3446,735734,19
3447,735754,18
3448,735773,18
3449,735792,18
3450,735811,18
3451,735830,18
3452,735849,19
3453,735869,18
3454,735888,47
3455,735936,18
3456,735955,18
3457,735974,19
3458,735994,27
3459,736022,18
3460,736041,18
3461,736060,18
3462,736079,48
3463,736128,18
3464,736147,18
3465,736166,33
3466,736200,19
3467,736220,19
3468,736240,18
3469,736259,18
3470,736278,19
3471,736298,19
3472,736318,19
3473,736338,19
3474,736358,19
3475,736378,19
3476,736398,19
3477,736418,18
3478,736437,18
3479,736456,37
3480,736494,18
3481,736513,18
3482,736532,37
3483,736570,38
3484,736609,43
3485,736653,71
3486,736725,18
3487,736744,27
3488,736772,18
3489,736791,18
3490,736810,22
3491,736833,18
3492,736852,22
3493,736875,27
3494,736903,19
3495,736923,42
3496,736966,23
3497,736990,19
3498,737010,28
3499,737039,19
3500,737059,19
3501,737079,29
3502,737109,19
3503,737129,19
3504,737149,19
3505,737169,19
3506,737189,23
3507,737213,24
3508,737238,21
3509,737260,18
3510,737279,18
3511,737298,38
3512,737337,18
3513,737356,18
3514,737375,18
3515,737394,18
3516,737413,18
3517,737432,19
3518,737452,19
3519,737472,19
3520,737492,19
3521,737512,19
3522,737532,19
3523,737552,19
3524,737572,27
3525,737600,18
3526,737619,18
3527,737638,18
3528,737657,18
3529,737676,18
3530,737695,18
3531,737714,18
3532,737733,18
3533,737752,19
3534,737772,23
3535,737796,56
3536,737853,19
3537,737873,23
3538,737897,18
3539,737916,18
3540,737935,28
3541,737964,19
3542,737984,19
3543,738004,29
3544,738034,28
3545,738063,18
3546,738082,19
3547,738102,18
3548,738121,18
3549,738140,18
3550,738159,18
3551,738178,65
3552,738244,18
3553,738263,36
3554,738300,18
3555,738319,21
3556,738341,18
3557,738360,28
3558,738389,54
3559,738444,43
3560,738488,19
3561,738508,48
3562,738557,45
3563,738603,38
3564,738642,28
3565,738671,73
3566,738745,18
3567,738764,18
3568,738783,21
3569,738805,28
3570,738834,19
3571,738854,23
3572,738878,19
3573,738898,23
3574,738922,19
3575,738942,19
3576,738962,23
3577,738986,19
3578,739006,19
3579,739026,29
3580,739056,96
3581,739153,53
3582,739207,51
3583,739259,30
3584,739290,18
3585,739309,18
3586,739328,45
3587,739374,37
3588,739412,19
3589,739432,19
3590,739452,19
3591,739472,18
3592,739491,46
3593,739538,28
3594,739567,19
3595,739587,29
3596,739617,37
3597,739655,18
3598,739674,18
3599,739693,18
3600,739712,18
3601,739731,19
3602,739751,19
3603,739771,36
3604,739808,18
3605,739827,18
3606,739846,27
3607,739874,18
3608,739893,49
3609,739943,28
3610,739972,18
3611,739991,18
3612,740010,21
3613,740032,22
3614,740055,22
3615,740078,22
3616,740101,22
3617,740124,29
3618,740154,19
3619,740174,39
3620,740214,47
3621,740262,28
3622,740291,37
3623,740329,18
3624,740348,18
3625,740367,18
3626,740386,18
3627,740405,18
3628,740424,18
3629,740443,19
3630,740463,18
3631,740482,19
3632,740502,18
3633,740521,18
3634,740540,19
3635,740560,18
3636,740579,19
3637,740599,18
3638,740618,19
3639,740638,41
3640,740680,19
3641,740700,19
3642,740720,18
3643,740739,18
3644,740758,18
3645,740777,18
3646,740796,18
3647,740815,18
3648,740834,18
3649,740853,22
3650,740876,18
3651,740895,18
3652,740914,28
3653,740943,18
3654,740962,19
3655,740982,29
3656,741012,18
3657,741031,18
3658,741050,18
3659,741069,30
3660,741100,18
3661,741119,18
3662,741138,19
3663,741158,18
3664,741177,18
3665,741196,18
3666,741215,29
3667,741245,19
3668,741265,19
3669,741285,19
3670,741305,65
3671,741371,29
3672,741401,19
3673,741421,19
3674,741441,19
3675,741461,43
3676,741505,18
3677,741524,18
3678,741543,18
3679,741562,36
3680,741599,37
3681,741637,19
3682,741657,19
3683,741677,19
3684,741697,19
3685,741717,19
3686,741737,19
3687,741757,19
3688,741777,22
3689,741800,18
3690,741819,18
3691,741838,19
3692,741858,19
3693,741878,23
3694,741902,29
3695,741932,19
3696,741952,19
3697,741972,40
3698,742013,31
3699,742045,32
3700,742078,18
3701,742097,18
3702,742116,18
3703,742135,18
3704,742154,18
3705,742173,18
3706,742192,18
3707,742211,18
3708,742230,18
3709,742249,26
3710,742276,28
3711,742305,18
3712,742324,29
3713,742354,19
3714,742374,17
3715,742392,17
3716,742410,46
3717,742457,26
3718,742484,17
3719,742502,17
3720,742520,18
3721,742539,18
3722,742558,18
3723,742577,18
3724,742596,20
3725,742617,26
3726,742644,18
3727,742663,28
3728,742692,25
3729,742718,18
3730,742737,19
3731,742757,47
3732,742805,33
3733,742839,19
3734,742859,19
3735,742879,19
3736,742899,37
3737,742937,36
3738,742974,19
3739,742994,19
3740,743014,19
3741,743034,19
3742,743054,19
3743,743074,28
3744,743103,19
3745,743123,19
3746,743143,18
3747,743162,19
3748,743182,29
3749,743212,88
3750,743301,27
3751,743329,18
3752,743348,18
3753,743367,19
3754,743387,28
3755,743416,18
3756,743435,87
3757,743523,18
3758,743542,18
3759,743561,18
3760,743580,19
3761,743600,19
3762,743620,20
3763,743641,18
3764,743660,37
3765,743698,18
3766,743717,56
3767,743774,28
3768,743803,96
3769,743900,28
3770,743929,18
3771,743948,28
3772,743977,28
3773,744006,61
3774,744068,47
3775,744116,30
3776,744147,18
3777,744166,19
3778,744186,19
3779,744206,19
3780,744226,31
3781,744258,19
3782,744278,19
3783,744298,33
3784,744332,18
3785,744351,21
3786,744373,18
3787,744392,30
3788,744423,22
3789,744446,19
3790,744466,24
3791,744491,40
3792,744532,34
3793,744567,24
3794,744592,19
3795,744612,19
3796,744632,19
3797,744652,34
3798,744687,18
3799,744706,91
3800,744798,22
3801,744821,23
3802,744845,19
3803,744865,23
3804,744889,25
3805,744915,18
3806,744934,18
3807,744953,18
3808,744972,27
3809,745000,18
3810,745019,18
3811,745038,18
3812,745057,18
3813,745076,19
3814,745096,19
3815,745116,19
3816,745136,19
3817,745156,18
3818,745175,18
3819,745194,42
3820,745237,19
3821,745257,90
3822,745348,18
3823,745367,19
3824,745387,28
3825,745416,46
3826,745463,19
3827,745483,28
3828,745512,36
3829,745549,23
3830,745573,19
3831,745593,29
3832,745623,19
3833,745643,96
3834,745740,19
3835,745760,19
3836,745780,19
3837,745800,54
3838,745855,94
3839,745950,18
3840,745969,18
3841,745988,27
3842,746016,19
3843,746036,19
3844,746056,18
3845,746075,18
3846,746094,28
3847,746123,34
3848,746158,18
3849,746177,52
3850,746230,18
3851,746249,18
3852,746268,67
3853,746336,124
3854,746461,19
3855,746481,18
3856,746500,18
3857,746519,18
3858,746538,18
3859,746557,19
3860,746577,31
3861,746609,19
3862,746629,18
3863,746648,19
3864,746668,19
3865,746688,38
3866,746727,18
3867,746746,31
3868,746778,18
3869,746797,18
3870,746816,29
3871,746846,19
3872,746866,18
3873,746885,18
3874,746904,18
3875,746923,24
3876,746948,19
3877,746968,19
3878,746988,19
3879,747008,18
3880,747027,158
3881,747186,55
3882,747242,19
3883,747262,19
3884,747282,22
3885,747305,18
3886,747324,18
3887,747343,27
3888,747371,19
3889,747391,29
3890,747421,160
3891,747582,19
3892,747602,76
3893,747679,18
3894,747698,19
3895,747718,19
3896,747738,49
3897,747788,18
3898,747807,18
3899,747826,22
3900,747849,19
3901,747869,19
3902,747889,19
3903,747909,19
3904,747929,18
3905,747948,19
3906,747968,19
3907,747988,20
3908,748009,19
3909,748029,19
3910,748049,22
3911,748072,23
3912,748096,19
3913,748116,18
3914,748135,32
3915,748168,19
3916,748188,57
3917,748246,19
3918,748266,24
3919,748291,18
3920,748310,28
3921,748339,18
3922,748358,19
3923,748378,183
3924,748562,41
3925,748604,21
3926,748626,18
3927,748645,27
3928,748673,19
3929,748693,108
3930,748802,17
3931,748820,18
3932,748839,19
3933,748859,35
3934,748895,39
3935,748935,19
3936,748955,19
3937,748975,19
3938,748995,80
3939,749076,29
3940,749106,19
3941,749126,48
3942,749175,19
3943,749195,16
3944,749212,35
3945,749248,18
3946,749267,18
3947,749286,30
3948,749317,18
3949,749336,18
3950,749355,23
3951,749379,35
3952,749415,18
3953,749434,25
3954,749460,18
3955,749479,18
3956,749498,18
3957,749517,32
3958,749550,59
3959,749610,19
3960,749630,19
3961,749650,19
3962,749670,19
3963,749690,19
3964,749710,23
3965,749734,27
3966,749762,27
3967,749790,19
3968,749810,18
3969,749829,18
3970,749848,18
3971,749867,18
3972,749886,18
3973,749905,19
3974,749925,24
3975,749950,27
3976,749978,18
3977,749997,18
3978,750016,19
3979,750036,19
3980,750056,18
3981,750075,19
3982,750095,19
3983,750115,29
3984,750145,29
3985,750175,19
3986,750195,19
3987,750215,19
3988,750235,19
3989,750255,19
3990,750275,19
3991,750295,19
3992,750315,19
3993,750335,18
3994,750354,18
3995,750373,19
3996,750393,18
3997,750412,18
3998,750431,18
3999,750450,18
4000,750469,18
4001,750488,19
4002,750508,19
4003,750528,19
4004,750548,19
4005,750568,28
4006,750597,19
4007,750617,19
4008,750637,19
4009,750657,19
4010,750677,19
4011,750697,19
4012,750717,44
4013,750762,19
4014,750782,27
4015,750810,27
4016,750838,27
4017,750866,20
4018,750887,18
4019,750906,19
4020,750926,20
4021,750947,20
4022,750968,20
4023,750989,26
4024,751016,18
4025,751035,18
4026,751054,18
4027,751073,22
4028,751096,19
4029,751116,19
4030,751136,28
4031,751165,19
4032,751185,19
4033,751205,19
4034,751225,19
4035,751245,18
4036,751264,18
4037,751283,29
4038,751313,18
4039,751332,18
4040,751351,18
4041,751370,18
4042,751389,18
4043,751408,19
4044,751428,19
4045,751448,19
4046,751468,19
4047,751488,18
4048,751507,19
4049,751527,19
4050,751547,29
4051,751577,47
4052,751625,28
4053,751654,23
4054,751678,18
4055,751697,18
4056,751716,18
4057,751735,33
4058,751769,19
4059,751789,19
4060,751809,18
4061,751828,29
4062,751858,19
4063,751878,18
4064,751897,20
4065,751918,20
4066,751939,19
4067,751959,19
4068,751979,31
4069,752011,19
4070,752031,19
4071,752051,17
4072,752069,27
4073,752097,18
4074,752116,18
4075,752135,18
4076,752154,18
4077,752173,18
4078,752192,18
4079,752211,50
4080,752262,18
4081,752281,18
4082,752300,21
4083,752322,19
4084,752342,23
4085,752366,19
4086,752386,19
4087,752406,18
4088,752425,18
4089,752444,19
4090,752464,18
4091,752483,27
4092,752511,28
4093,752540,19
4094,752560,19
4095,752580,32
4096,752613,28
4097,752642,41
4098,752684,17
4099,752702,19
4100,752722,18
4101,752741,19
4102,752761,18
4103,752780,18
4104,752799,19
4105,752819,19
4106,752839,18
4107,752858,18
4108,752877,18
4109,752896,18
4110,752915,18
4111,752934,18
4112,752953,19
4113,752973,17
4114,752991,18
4115,753010,19
4116,753030,19
4117,753050,31
4118,753082,32
4119,753115,29
4120,753145,29
4121,753175,31
4122,753207,18
4123,753226,48
4124,753275,27
4125,753303,59
4126,753363,29
4127,753393,41
4128,753435,28
4129,753464,28
4130,753493,35
4131,753529,19
4132,753549,17
4133,753567,36
4134,753604,18
4135,753623,19
4136,753643,16
4137,753660,32
4138,753693,18
4139,753712,18
4140,753731,18
4141,753750,32
4142,753783,18
4143,753802,18
4144,753821,18
4145,753840,19
4146,753860,19
4147,753880,29
4148,753910,21
4149,753932,18
4150,753951,23
4151,753975,19
4152,753995,18
4153,754014,18
4154,754033,19
4155,754053,19
4156,754073,19
4157,754093,23
4158,754117,39
4159,754157,18
4160,754176,18
4161,754195,18
4162,754214,19
4163,754234,28
4164,754263,18
4165,754282,19
4166,754302,18
4167,754321,18
4168,754340,19
4169,754360,26
4170,754387,18
4171,754406,18
4172,754425,19
4173,754445,18
4174,754464,18
4175,754483,19
4176,754503,28
4177,754532,29
4178,754562,19
4179,754582,17
4180,754600,18
4181,754619,18
4182,754638,18
4183,754657,18
4184,754676,18
4185,754695,18
4186,754714,18
4187,754733,18
4188,754752,18
4189,754771,17
4190,754789,17
4191,754807,18
4192,754826,18
4193,754845,18
4194,754864,26
4195,754891,18
4196,754910,18
4197,754929,18
4198,754948,19
4199,754968,24
4200,754993,35
4201,755029,18
4202,755048,18
4203,755067,19
4204,755087,19
4205,755107,18
4206,755126,18
4207,755145,18
4208,755164,18
4209,755183,18
4210,755202,18
4211,755221,21
4212,755243,19
4213,755263,19
4214,755283,18
4215,755302,18
4216,755321,18
4217,755340,18
4218,755359,28
4219,755388,19
4220,755408,19
4221,755428,19
4222,755448,19
4223,755468,19
4224,755488,18
4225,755507,17
4226,755525,18
4227,755544,28
4228,755573,18
4229,755592,18
4230,755611,18
4231,755630,18
4232,755649,23
4233,755673,19
4234,755693,19
4235,755713,19
4236,755733,18
4237,755752,18
4238,755771,18
4239,755790,18
4240,755809,18
4241,755828,18
4242,755847,18
4243,755866,19
4244,755886,19
4245,755906,19
4246,755926,22
4247,755949,18
4248,755968,28
4249,755997,18
4250,756016,18
4251,756035,18
4252,756054,18
4253,756073,28
4254,756102,18
4255,756121,19
4256,756141,19
4257,756161,28
4258,756190,20
4259,756211,17
4260,756229,18
4261,756248,18
4262,756267,18
4263,756286,19
4264,756306,18
4265,756325,18
4266,756344,18
4267,756363,18
4268,756382,18
4269,756401,18
4270,756420,23
4271,756444,18
4272,756463,18
4273,756482,18
4274,756501,22
4275,756524,19
4276,756544,19
4277,756564,19
4278,756584,19
4279,756604,18
4280,756623,20
4281,756644,20
4282,756665,18
4283,756684,18
4284,756703,18
4285,756722,19
4286,756742,18
4287,756761,19
4288,756781,51
4289,756833,82
4290,756916,18
4291,756935,17
4292,756953,18
4293,756972,18
4294,756991,18
4295,757010,24
4296,757035,19
4297,757055,20
4298,757076,18
4299,757095,16
4300,757112,19
4301,757132,16
4302,757149,16
4303,757166,18
4304,757185,18
4305,757204,17
4306,757222,17
4307,757240,17
4308,757258,17
4309,757276,20
4310,757297,20
4311,757318,19
4312,757338,18
4313,757357,18
4314,757376,19
4315,757396,28
4316,757425,22
4317,757448,18
4318,757467,19
4319,757487,19
4320,757507,19
4321,757527,19
4322,757547,19
4323,757567,19
4324,757587,19
4325,757607,19
4326,757627,21
4327,757649,18
4328,757668,18
4329,757687,19
4330,757707,21
4331,757729,18
4332,757748,18
4333,757767,28
4334,757796,18
4335,757815,18
4336,757834,19
4337,757854,19
4338,757874,21
4339,757896,18
4340,757915,19
4341,757935,19
4342,757955,18
4343,757974,18
4344,757993,18
4345,758012,19
4346,758032,19
4347,758052,23
4348,758076,19
4349,758096,19
4350,758116,20
4351,758137,19
4352,758157,19
4353,758177,19
4354,758197,18
4355,758216,18
4356,758235,19
4357,758255,19
4358,758275,19
4359,758295,18
4360,758314,18
4361,758333,32
4362,758366,19
4363,758386,18
4364,758405,19
4365,758425,20
4366,758446,21
4367,758468,17
4368,758486,17
4369,758504,17
4370,758522,17
4371,758540,17
4372,758558,17
4373,758576,17
4374,758594,17
4375,758612,17
4376,758630,17
4377,758648,21
4378,758670,18
4379,758689,19
4380,758709,18
4381,758728,43
4382,758772,18
4383,758791,24
4384,758816,19
4385,758836,19
4386,758856,19
4387,758876,19
4388,758896,19
4389,758916,27
4390,758944,24
4391,758969,21
4392,758991,19
4393,759011,19
4394,759031,20
4395,759052,18
4396,759071,18
4397,759090,39
4398,759130,20
4399,759151,36
4400,759188,18
4401,759207,23
4402,759231,19
4403,759251,19
4404,759271,19
4405,759291,18
