189,0,420
190,421,769
2,1191,1313
525,2505,470
756,2976,381
327,3358,697
362,4056,628
2784,4685,35
1197,4721,35
17,4757,1120
624,5878,722
615,6601,776
6,7378,692
1158,8071,310
1004,8382,125
1591,8508,59
81,8568,419
898,8988,1313
63,10302,629
265,10932,741
2020,11674,19
608,11694,257
187,11952,279
312,12232,720
201,12953,1704
202,14658,2454
2296,17113,19
4406,17133,19
18,17153,577
272,17731,1104
3775,18836,19
4407,18856,19
106,18876,1932
254,20809,1037
458,21847,492
428,22340,725
361,23066,693
119,23760,2737
959,26498,245
958,26744,415
825,27160,188
444,27349,678
729,28028,184
1136,28213,121
269,28335,311
711,28647,110
385,28758,759
2218,29518,42
46,29561,2054
1426,31616,141
3725,31758,36
74,31795,1562
92,33358,837
70,34196,890
172,35087,943
1600,36031,95
121,36127,1926
30,38054,1215
377,39270,710
225,39981,396
799,40378,246
884,40625,199
175,40825,1761
1319,42587,110
135,42698,1402
396,44101,790
149,44892,593
423,45486,434
532,45921,618
25,46540,276
1755,46817,46
422,46864,329
754,47194,254
8,47449,1027
54,48477,3288
2375,51766,80
371,51847,360
1159,52208,70
4408,52279,40
727,52320,155
206,52476,495
789,52972,437
162,53410,174
730,53585,204
877,53790,314
12,54105,1356
126,55462,1674
52,57137,624
109,57762,872
4409,58635,31
664,58667,1077
454,59745,147
936,59893,385
923,60279,149
9,60429,797
672,61227,249
1394,61477,74
610,61552,238
129,61791,298
1850,62090,51
376,62142,472
1651,62615,52
19,62668,764
1245,63433,171
603,63605,649
636,64255,463
414,64719,1349
354,66069,659
161,66729,986
1007,67716,200
1094,67917,99
1432,68017,49
338,68067,222
1119,68290,278
3828,68569,68
212,68638,240
1058,68879,216
213,69096,162
1187,69259,66
23,69326,2579
469,71906,729
60,72636,552
1097,73189,186
379,73376,309
99,73686,191
580,73878,650
1178,74529,122
1045,74652,86
524,74739,144
406,74884,222
85,75107,401
69,75509,883
151,76393,813
302,77207,242
345,77450,378
364,77829,250
1146,78080,153
153,78234,479
22,78714,1161
20,79876,840
1443,80717,102
472,80820,382
2320,81203,42
239,81246,220
50,81467,1119
111,82587,1354
3011,83942,109
1150,84052,415
326,84468,192
10,84661,994
57,85656,188
221,85845,25
242,85871,270
293,86142,262
178,86405,433
1347,86839,143
370,86983,222
1074,87206,347
1115,87554,19
683,87574,171
67,87746,756
323,88503,143
976,88647,119
4410,88767,19
1155,88787,246
479,89034,146
324,89181,139
695,89321,732
901,90054,273
297,90328,85
38,90414,592
1091,91007,73
728,91081,304
1872,91386,31
1241,91418,140
173,91559,923
214,92483,587
1269,93071,83
118,93155,1644
3976,94800,31
924,94832,52
395,94885,262
618,95148,255
339,95404,58
55,95463,1776
613,97240,677
461,97918,488
493,98407,314
320,98722,918
750,99641,81
380,99723,524
150,100248,650
843,100899,160
1069,101060,64
3,101125,640
1011,101766,80
1041,101847,265
733,102113,258
965,102372,28
894,102401,267
560,102669,504
399,103174,361
460,103536,288
14,103825,915
857,104741,191
474,104933,483
511,105417,314
77,105732,897
482,106630,684
1153,107315,220
341,107536,1198
635,108735,461
2352,109197,118
814,109316,119
209,109436,273
1012,109710,134
132,109845,1019
329,110865,486
419,111352,753
2608,112106,20
960,112127,222
504,112350,29
86,112380,269
1493,112650,121
575,112772,277
72,113050,1701
73,114752,860
605,115613,367
536,115981,783
2539,116765,40
4411,116806,19
975,116826,331
1698,117158,19
840,117178,359
910,117538,152
88,117691,680
176,118372,1810
186,120183,963
224,121147,554
291,121702,485
292,122188,693
1,122882,1226
78,124109,1588
79,125698,1123
147,126822,1412
298,128235,139
562,128375,236
1064,128612,116
634,128729,39
3391,128769,30
259,128800,896
666,129697,187
347,129885,369
177,130255,94
609,130350,306
1308,130657,61
2357,130719,19
4412,130739,19
3180,130759,51
231,130811,612
855,131424,229
133,131654,775
1206,132430,126
94,132557,144
1718,132702,30
452,132733,302
332,133036,233
274,133270,1062
795,134333,39
264,134373,725
68,135099,165
557,135265,223
211,135489,790
1545,136280,72
1754,136353,207
188,136561,204
2180,136766,51
742,136818,157
2653,136976,62
417,137039,274
261,137314,272
746,137587,97
4012,137685,19
491,137705,196
462,137902,208
4119,138111,41
1673,138153,226
1222,138380,397
2330,138778,59
1325,138838,66
43,138905,2068
586,140974,171
27,141146,217
546,141364,139
1561,141504,84
64,141589,1020
409,142610,490
103,143101,914
3899,144016,152
1968,144169,44
689,144214,384
847,144599,149
1131,144749,301
1044,145051,137
1551,145189,400
1060,145590,295
4413,145886,19
336,145906,100
2525,146007,19
100,146027,510
1857,146538,19
905,146558,131
283,146690,134
534,146825,1225
1240,148051,97
880,148149,41
1768,148191,76
500,148268,813
31,149082,676
543,149759,493
408,150253,334
1588,150588,51
2440,150640,52
766,150693,525
696,151219,99
466,151319,528
2044,151848,60
179,151909,876
684,152786,177
685,152964,153
1632,153118,89
948,153208,287
1421,153496,22
300,153519,371
4414,153891,20
1589,153912,174
1401,154087,86
3200,154174,49
342,154224,313
21,154538,1020
1177,155559,248
1154,155808,125
249,155934,136
809,156071,263
145,156335,73
1211,156409,48
1531,156458,76
1209,156535,106
276,156642,43
277,156686,40
278,156727,50
1484,156778,138
3338,156917,459
523,157377,1027
234,158405,367
381,158773,306
374,159080,295
1479,159376,29
1328,159406,264
398,159671,140
1052,159812,466
348,160279,818
33,161098,1056
1417,162155,51
142,162207,717
4415,162925,23
470,162949,399
358,163349,258
648,163608,176
1226,163785,63
407,163849,670
15,164520,437
518,164958,110
134,165069,96
517,165166,190
744,165357,221
34,165579,545
1312,166125,175
130,166301,537
1883,166839,138
709,166978,279
1123,167258,76
317,167335,157
171,167493,428
3330,167922,20
1032,167943,93
2015,168037,19
528,168057,323
243,168381,553
1236,168935,159
489,169095,91
488,169187,100
1946,169288,19
1471,169308,62
1964,169371,95
2128,169467,138
410,169606,72
902,169679,70
102,169750,307
1283,170058,60
4416,170119,19
539,170139,126
1507,170266,51
556,170318,215
535,170534,217
983,170752,104
263,170857,514
95,171372,119
316,171492,289
441,171782,318
1517,172101,190
440,172292,416
1088,172709,618
1520,173328,781
415,174110,185
4072,174296,19
1694,174316,63
131,174380,680
4417,175061,19
1661,175081,177
1049,175259,412
350,175672,116
1390,175789,30
258,175820,324
705,176145,325
903,176471,364
115,176836,565
1043,177402,30
351,177433,303
480,177737,327
4418,178065,19
1459,178085,79
112,178165,590
1469,178756,108
876,178865,293
653,179159,188
755,179348,106
1502,179455,30
360,179486,313
1660,179800,20
107,179821,716
579,180538,30
456,180569,687
1071,181257,245
169,181503,1391
700,182895,130
3852,183026,115
3853,183142,98
692,183241,415
998,183657,107
1965,183765,66
1005,183832,40
4299,183873,30
994,183904,152
1505,184057,91
4004,184149,30
1485,184180,101
520,184282,314
891,184597,148
4090,184746,29
473,184776,124
367,184901,18
590,184920,354
4419,185275,19
352,185295,220
712,185516,157
682,185674,137
912,185812,291
152,186104,449
782,186554,62
413,186617,63
108,186681,952
702,187634,160
28,187795,814
561,188610,130
2428,188741,29
963,188771,60
4037,188832,30
964,188863,61
869,188925,170
2623,189096,104
39,189201,186
3637,189388,41
281,189430,40
824,189471,361
1132,189833,177
3847,190011,42
1556,190054,73
3335,190128,32
908,190161,57
1104,190219,339
241,190559,82
2037,190642,94
916,190737,425
1261,191163,166
550,191330,171
749,191502,231
139,191734,344
451,192079,96
4420,192176,19
996,192196,18
4421,192215,19
4422,192235,19
1585,192255,85
1627,192341,117
576,192459,207
868,192667,62
925,192730,112
16,192843,605
2576,193449,20
677,193470,412
273,193883,396
759,194280,45
503,194326,270
4423,194597,19
745,194617,195
573,194813,142
165,194956,85
3846,195042,43
1775,195086,127
180,195214,1207
321,196422,203
117,196626,449
669,197076,146
251,197223,393
1263,197617,140
35,197758,82
508,197841,417
1239,198259,118
593,198378,63
434,198442,483
1470,198926,95
793,199022,236
678,199259,320
588,199580,259
393,199840,305
2542,200146,71
477,200218,66
4424,200285,19
167,200305,536
2258,200842,123
739,200966,302
4425,201269,19
2198,201289,85
123,201375,601
296,201977,450
4426,202428,19
2222,202448,92
154,202541,223
4427,202765,29
2529,202795,63
505,202859,497
1100,203357,235
873,203593,245
816,203839,151
788,203991,111
240,204103,183
140,204287,692
3395,204980,19
760,205000,136
1303,205137,75
969,205213,161
715,205375,87
1612,205463,19
830,205483,144
1216,205628,76
773,205705,142
1256,205848,82
3303,205931,30
2717,205962,60
228,206023,151
646,206175,279
262,206455,261
707,206717,385
1171,207103,31
59,207135,560
506,207696,223
4428,207920,19
457,207940,73
4079,208014,23
1821,208038,81
1587,208120,102
299,208223,93
4429,208317,19
4430,208337,40
310,208378,525
3958,208904,40
4159,208945,29
1157,208975,97
24,209073,50
822,209124,248
76,209373,181
390,209555,122
3171,209678,30
82,209709,511
882,210221,181
616,210403,334
606,210738,62
448,210801,389
630,211191,544
36,211736,302
1599,212039,63
738,212103,113
2796,212217,30
384,212248,220
1644,212469,72
47,212542,585
4431,213128,29
268,213158,202
662,213361,204
4432,213566,19
368,213586,218
4433,213805,19
164,213825,176
784,214002,105
4117,214108,19
4434,214128,30
51,214159,206
170,214366,148
1143,214515,19
2137,214535,19
2314,214555,67
271,214623,288
1533,214912,108
757,215021,126
551,215148,550
468,215699,283
567,215983,116
978,216100,103
555,216204,142
786,216347,168
844,216516,199
1172,216716,94
1190,216811,60
3223,216872,31
4435,216904,20
2381,216925,56
314,216982,471
2798,217454,50
904,217505,93
435,217599,242
1766,217842,40
1802,217883,50
168,217934,513
1036,218448,100
1573,218549,55
647,218605,335
1333,218941,73
1675,219015,71
96,219087,133
4436,219221,19
2348,219241,164
639,219406,65
2490,219472,46
29,219519,144
585,219664,294
670,219959,358
48,220318,119
1271,220438,94
4437,220533,29
542,220563,50
581,220614,28
432,220643,253
334,220897,798
820,221696,281
2933,221978,51
1318,222030,111
75,222142,257
804,222400,297
584,222698,270
4438,222969,19
578,222989,124
1127,223114,62
956,223177,59
2582,223237,39
972,223277,154
1935,223432,40
340,223473,510
1357,223984,33
2271,224018,29
890,224048,69
519,224118,18
674,224137,98
1282,224236,81
614,224318,170
2722,224489,19
596,224509,615
1141,225125,169
2413,225295,49
1112,225345,403
1516,225749,45
625,225795,332
397,226128,222
4439,226351,29
721,226381,144
3821,226526,124
1662,226651,123
3580,226775,70
1820,226846,77
1442,226924,170
61,227095,481
3694,227577,31
544,227609,66
174,227676,156
2061,227833,24
1404,227858,53
4440,227912,20
287,227933,55
430,227989,320
949,228310,185
2116,228496,33
307,228530,47
3951,228578,57
4441,228636,19
4068,228656,19
4128,228676,19
4129,228696,29
547,228726,647
266,229374,446
3353,229821,66
4442,229888,20
3596,229909,52
541,229962,170
597,230133,175
484,230309,166
955,230476,80
2193,230557,32
4443,230590,20
821,230611,184
1257,230796,53
1354,230850,34
806,230885,89
930,230975,19
301,230995,325
1941,231321,148
4444,231470,29
2805,231500,19
4445,231520,29
4446,231550,19
3997,231570,19
1710,231590,19
4447,231610,29
4448,231640,19
1925,231660,19
4449,231680,19
3187,231700,29
1260,231730,167
1089,231898,145
267,232044,346
533,232391,257
1264,232649,202
1147,232852,29
1295,232882,152
3357,233035,53
538,233089,275
464,233365,504
459,233870,161
437,234032,50
848,234083,29
1702,234113,31
1194,234145,137
513,234283,244
53,234528,262
4060,234791,50
699,234842,137
521,234980,200
83,235181,668
713,235850,21
2885,235872,19
232,235892,344
198,236237,235
928,236473,262
3890,236736,145
4361,236882,50
1807,236933,68
731,237002,28
26,237031,197
3049,237229,19
143,237249,150
1080,237400,73
1134,237474,29
3409,237504,52
785,237557,480
90,238038,95
1475,238134,89
2972,238224,20
4450,238245,35
248,238281,163
633,238445,230
3109,238676,41
735,238718,194
309,238913,203
1138,239117,89
319,239207,48
568,239256,177
4451,239434,27
230,239462,127
899,239590,42
2333,239633,29
244,239663,206
1447,239870,123
1985,239994,39
1288,240034,210
1642,240245,20
4257,240266,20
3574,240287,20
4452,240308,65
3057,240374,20
1684,240395,127
4453,240523,20
93,240544,71
1139,240616,52
1879,240669,46
184,240716,166
2266,240883,64
1759,240948,75
598,241024,58
1160,241083,144
1204,241228,78
918,241307,96
44,241404,1986
122,243391,970
1904,244362,122
185,244485,449
349,244935,201
807,245137,256
935,245394,118
120,245513,452
4454,245966,20
4455,245987,20
798,246008,323
1969,246332,121
1179,246454,42
1532,246497,134
2187,246632,63
486,246696,72
1188,246769,31
779,246801,197
1054,246999,208
4177,247208,20
200,247229,363
2165,247593,44
2026,247638,39
4294,247678,20
1690,247699,131
197,247831,82
4456,247914,19
4201,247934,22
4457,247957,30
235,247988,50
1961,248039,51
867,248091,61
1234,248153,19
1424,248173,74
4458,248248,20
4459,248269,22
2850,248292,19
968,248312,80
1876,248393,61
1944,248455,100
752,248556,31
997,248588,40
87,248629,220
1892,248850,60
1284,248911,19
2397,248931,32
1736,248964,50
1031,249015,30
878,249046,65
697,249112,30
769,249143,159
369,249303,103
1013,249407,55
3090,249463,20
475,249484,293
2016,249778,69
917,249848,113
1051,249962,114
4460,250077,29
845,250107,106
1885,250214,130
4461,250345,29
4462,250375,23
2109,250399,71
1529,250471,155
471,250627,168
714,250796,93
881,250890,73
4463,250964,19
246,250984,77
718,251062,53
529,251116,36
4464,251153,19
2511,251173,51
1859,251225,84
1834,251310,83
4465,251394,25
1947,251420,39
4466,251460,19
818,251480,232
4467,251713,19
1438,251733,311
2859,252045,30
1880,252076,60
1881,252137,45
1922,252183,31
732,252215,105
3587,252321,52
3083,252374,30
686,252405,29
4468,252435,20
2510,252456,20
4469,252477,31
2897,252509,245
1040,252755,205
110,252961,270
885,253232,29
1893,253262,20
1774,253283,20
1543,253304,66
2363,253371,41
617,253413,23
2917,253437,30
40,253468,38
4470,253507,20
4471,253528,20
2584,253549,20
4472,253570,20
2104,253591,53
270,253645,49
4473,253695,19
4120,253715,23
3931,253739,19
2627,253759,30
2311,253790,72
1748,253863,59
439,253923,140
1554,254064,44
1730,254109,73
2417,254183,41
829,254225,62
328,254288,232
1254,254521,80
4474,254602,30
1409,254633,19
1420,254653,30
1809,254684,19
136,254704,449
4475,255154,22
4476,255177,19
4477,255197,19
391,255217,29
4478,255247,19
4199,255267,43
4479,255311,30
1565,255342,19
4480,255362,19
4481,255382,20
425,255403,321
1536,255725,38
4311,255764,20
2898,255785,108
492,255894,190
2899,256085,19
703,256105,233
530,256339,22
331,256362,29
2345,256392,102
2350,256495,62
604,256558,74
2141,256633,31
1225,256665,92
772,256758,237
1553,256996,122
127,257119,137
993,257257,171
777,257429,84
1336,257514,300
4104,257815,19
2685,257835,19
1844,257855,51
1869,257907,40
366,257948,48
632,257997,30
780,258028,38
2062,258067,45
412,258113,36
1077,258150,115
1971,258266,60
1050,258327,20
602,258348,82
144,258431,404
1799,258836,149
255,258986,29
4482,259016,20
4483,259037,20
2114,259058,20
4484,259079,20
199,259100,30
210,259131,152
1355,259284,117
819,259402,72
1135,259475,130
1076,259606,65
4485,259672,19
2714,259692,19
2613,259712,19
1397,259732,65
1302,259798,62
4486,259861,31
193,259893,81
1214,259975,76
540,260052,75
467,260128,182
883,260311,52
4487,260364,19
4488,260384,19
455,260404,114
3582,260519,19
355,260539,61
2436,260601,20
2882,260622,41
4489,260664,20
758,260685,88
215,260774,532
1301,261307,175
1794,261483,87
191,261571,590
1453,262162,19
979,262182,28
2042,262211,114
1403,262326,76
2041,262403,50
1238,262454,135
1407,262590,19
1083,262610,40
1592,262651,47
4490,262699,41
253,262741,138
638,262880,32
1359,262913,145
2005,263059,40
4491,263100,20
4492,263121,20
1704,263142,30
1636,263173,59
4493,263233,20
4494,263254,24
4495,263279,20
4496,263300,20
3039,263321,20
4155,263342,43
359,263386,119
926,263506,200
4497,263707,24
1061,263732,115
1638,263848,24
2161,263873,42
2540,263916,30
403,263947,189
481,264137,299
1826,264437,71
4,264509,1313
1184,265823,220
450,266044,28
4498,266073,30
4499,266104,19
13,266124,778
148,266903,29
681,266933,221
1213,267155,241
1705,267397,113
1703,267511,159
1501,267671,94
1732,267766,29
3832,267796,19
1524,267816,60
7,267877,404
5,268282,186
701,268469,182
3082,268652,193
4500,268846,193
137,269040,113
2408,269154,122
2454,269277,178
569,269456,295
1313,269752,51
1454,269804,126
957,269931,204
2964,270136,87
1244,270224,62
58,270287,456
11,270744,132
32,270877,179
1101,271057,93
1102,271151,186
673,271338,115
1361,271454,207
4501,271662,22
1174,271685,126
571,271812,334
3021,272147,40
4502,272188,19
4503,272208,19
3799,272228,63
2566,272292,86
4504,272379,36
389,272416,40
4505,272457,19
4506,272477,20
988,272498,69
1474,272568,58
1853,272627,32
3005,272660,47
4507,272708,22
950,272731,74
382,272806,60
4508,272867,30
3779,272898,19
938,272918,19
4509,272938,20
2380,272959,53
1975,273013,52
4510,273066,24
4511,273091,20
305,273112,229
141,273342,30
1440,273373,91
977,273465,120
2880,273586,20
4512,273607,20
160,273628,69
4513,273698,20
2244,273719,20
4514,273740,30
961,273771,110
3586,273882,41
1512,273924,143
1932,274068,55
937,274124,153
3938,274278,109
2591,274388,29
62,274418,268
4304,274687,19
499,274707,110
363,274818,247
333,275066,61
1316,275128,161
768,275290,29
2398,275320,20
3822,275341,24
1374,275366,30
4515,275397,19
1002,275417,87
1487,275505,29
3880,275535,85
2799,275621,30
4516,275652,65
4517,275718,70
4518,275789,19
797,275809,60
4519,275870,92
3165,275963,158
516,276122,68
1603,276191,93
1798,276285,121
941,276407,39
4520,276447,32
870,276480,244
1552,276725,51
66,276777,475
71,277253,450
443,277704,155
650,277860,162
939,278023,113
2643,278137,31
853,278169,94
587,278264,135
4521,278400,20
531,278421,50
2517,278472,20
767,278493,176
304,278670,100
436,278771,125
463,278897,60
2716,278958,64
4522,279023,20
1289,279044,53
2063,279098,153
583,279252,193
1235,279446,89
737,279536,247
628,279784,18
1296,279803,30
2241,279834,148
116,279983,147
770,280131,137
3716,280269,48
2618,280318,57
3273,280376,30
56,280407,70
3387,280478,20
710,280499,721
163,281221,40
124,281262,258
125,281521,217
3705,281739,40
1124,281780,86
3792,281867,29
4523,281897,20
4524,281918,20
3062,281939,20
1149,281960,136
3939,282097,20
4525,282118,20
2269,282139,30
1868,282170,31
4526,282202,20
1666,282223,30
3363,282254,45
65,282300,308
365,282609,40
1887,282650,51
942,282702,140
3006,282843,24
871,282868,39
3934,282908,22
2301,282931,177
2429,283109,19
1621,283129,21
4527,283151,22
494,283174,96
1898,283271,100
101,283372,147
2295,283520,19
1338,283540,62
4528,283603,19
1412,283623,41
743,283665,198
2458,283864,52
981,283917,81
3059,283999,53
1463,284053,19
478,284073,29
4529,284103,19
922,284123,84
3750,284208,30
1021,284239,33
913,284273,126
3060,284400,59
1163,284460,38
208,284499,210
611,284710,109
970,284820,129
4530,284950,20
1762,284971,24
245,284996,79
985,285076,92
4531,285169,20
294,285190,102
708,285293,105
1695,285399,40
3041,285440,19
3358,285460,19
3212,285480,19
4532,285500,22
927,285523,121
250,285645,68
4533,285714,19
1030,285734,29
886,285764,18
465,285783,48
1936,285832,19
512,285852,18
3884,285871,34
497,285906,120
495,286027,61
2378,286089,41
1182,286131,52
1667,286184,61
4534,286246,20
4535,286267,20
862,286288,18
1635,286307,40
1555,286348,19
4264,286368,19
4536,286388,19
3213,286408,19
2809,286428,19
3496,286448,29
4537,286478,19
4538,286498,19
4539,286518,19
1162,286538,42
498,286581,40
4540,286622,20
1000,286643,20
4541,286664,20
2932,286685,38
2538,286724,28
4542,286753,24
4543,286778,20
2578,286799,63
3086,286863,49
356,286913,98
1293,287012,108
514,287121,98
4036,287220,45
2812,287266,81
1513,287348,41
2251,287390,44
2958,287435,34
3328,287470,34
4544,287505,22
1864,287528,63
4545,287592,35
4546,287628,19
3081,287648,32
1452,287681,260
3418,287942,49
1760,287992,19
4547,288012,19
220,288032,82
4548,288115,19
4549,288135,20
1342,288156,115
1290,288272,79
2164,288352,31
3731,288384,56
1526,288441,84
2060,288526,50
3665,288577,19
2188,288597,20
4550,288618,20
658,288639,49
192,288689,60
2948,288750,20
2346,288771,20
1337,288792,50
216,288843,243
4551,289087,30
3536,289118,73
223,289192,32
357,289225,259
1014,289485,30
974,289516,140
1451,289657,63
4552,289721,25
3621,289747,38
2788,289786,81
667,289868,154
3001,290023,20
4553,290044,30
3673,290075,35
595,290111,70
601,290182,96
4554,290279,19
1654,290299,94
4555,290394,28
4556,290423,39
594,290463,38
3218,290502,63
3670,290566,20
4557,290587,30
1398,290618,100
3298,290719,29
4558,290749,29
4559,290779,19
4560,290799,29
4561,290829,29
4562,290859,29
4563,290889,29
4564,290919,59
2101,290979,51
4565,291031,29
3113,291061,33
3866,291095,63
4566,291159,20
4567,291180,51
1362,291232,41
4568,291274,20
4569,291295,19
3768,291315,37
1976,291353,107
810,291461,98
570,291560,81
4357,291642,34
2121,291677,30
4570,291708,19
4571,291728,19
2045,291748,40
2934,291789,20
932,291810,71
2108,291882,41
2080,291924,40
3728,291965,29
3485,291995,29
2473,292025,67
4572,292093,19
3833,292113,34
2084,292148,31
37,292180,92
2382,292273,105
1449,292379,20
1364,292400,22
2728,292423,32
1324,292456,151
4573,292608,19
4574,292628,20
4575,292649,20
2620,292670,20
1499,292691,19
4576,292711,19
4577,292731,19
4578,292751,19
1855,292771,22
971,292794,97
421,292892,206
2009,293099,57
4579,293157,19
4580,293177,35
4581,293213,19
4582,293233,22
1984,293256,48
4583,293305,19
1372,293325,29
1237,293355,19
1010,293375,69
1765,293445,57
1843,293503,42
640,293546,18
2530,293565,19
2638,293585,19
1085,293605,81
1835,293687,98
734,293786,84
889,293871,40
4584,293912,20
3717,293933,24
1873,293958,77
1066,294036,82
986,294119,101
4585,294221,20
2855,294242,20
1814,294263,60
438,294324,169
343,294494,103
453,294598,81
1003,294680,19
4586,294700,19
1120,294720,55
4587,294776,34
966,294811,181
41,294993,244
4588,295238,19
3307,295258,38
736,295297,88
1227,295386,91
4589,295478,37
3746,295516,19
4590,295536,19
1822,295556,45
1540,295602,66
1623,295669,19
815,295689,39
2535,295729,30
1940,295760,30
1570,295791,46
1527,295838,47
1456,295886,20
485,295907,29
4591,295937,31
2050,295969,101
411,296071,120
627,296192,62
1008,296255,93
313,296349,217
1006,296567,83
3211,296651,63
643,296715,115
612,296831,29
577,296861,30
98,296892,28
900,296921,124
1697,297046,81
2354,297128,41
1224,297170,69
2489,297240,47
4592,297288,22
4593,297311,22
2048,297334,47
1725,297382,19
2257,297402,19
4594,297422,19
3494,297442,34
3971,297477,20
4595,297498,20
2472,297519,20
4596,297540,20
2014,297561,41
553,297603,81
2082,297685,51
4597,297737,19
1562,297757,23
1090,297781,30
946,297812,76
509,297889,94
4229,297984,35
549,298020,140
447,298161,285
325,298447,21
4598,298469,19
1121,298489,23
1751,298513,45
2516,298559,30
719,298590,29
4599,298620,19
1059,298640,71
3881,298712,19
2605,298732,19
2461,298752,19
426,298772,151
2908,298924,20
4600,298945,20
4601,298966,45
858,299012,73
945,299086,19
3084,299106,20
1646,299127,41
2457,299169,20
2528,299190,62
2549,299253,47
344,299301,118
2603,299420,95
787,299516,32
4602,299549,22
747,299572,39
3929,299612,34
851,299647,282
226,299930,96
4603,300027,20
545,300048,203
2655,300252,73
3892,300326,19
1413,300346,40
4604,300387,19
1495,300407,19
2628,300427,20
2810,300448,19
3098,300468,19
1509,300488,30
3131,300519,30
1383,300550,46
2238,300597,19
720,300617,69
4605,300687,20
4606,300708,20
3242,300729,20
2335,300750,30
4607,300781,20
4608,300802,20
2400,300823,31
4609,300855,31
420,300887,73
4610,300961,19
1767,300981,19
4228,301001,19
1928,301021,19
4146,301041,19
2901,301061,19
4611,301081,19
4612,301101,19
4613,301121,30
4614,301152,19
4615,301172,19
4616,301192,19
4617,301212,19
4618,301232,19
4619,301252,19
1165,301272,50
4620,301323,19
2267,301343,19
526,301363,107
4621,301471,20
2718,301492,24
4365,301517,24
1015,301542,41
4121,301584,38
2684,301623,39
3368,301663,19
1511,301683,30
2341,301714,31
4622,301746,31
4623,301778,20
4341,301799,20
1538,301820,20
4624,301841,21
4625,301863,21
1967,301885,30
217,301916,43
318,301960,60
2308,302021,39
4052,302061,40
1734,302102,32
256,302135,76
4626,302212,20
1846,302233,41
3879,302275,30
4627,302306,22
4628,302329,29
4629,302359,19
4630,302379,19
4631,302399,34
1252,302434,29
402,302464,39
4632,302504,21
4633,302526,19
4328,302546,23
2395,302570,46
4634,302617,29
2978,302647,19
1377,302667,19
4635,302687,19
4305,302707,24
4636,302732,20
4637,302753,20
4638,302774,31
1142,302806,77
893,302884,76
4405,302961,30
2937,302992,31
3385,303024,20
4639,303045,20
1913,303066,20
2669,303087,42
3607,303130,19
4640,303150,19
1255,303170,111
4641,303282,38
4642,303321,20
4643,303342,24
3264,303367,40
2896,303408,19
2647,303428,30
4644,303459,19
4106,303479,20
1616,303500,54
4645,303555,20
4646,303576,20
2150,303597,20
3726,303618,20
4647,303639,20
4648,303660,20
1122,303681,61
2081,303743,35
4649,303779,20
2391,303800,67
4092,303868,20
4650,303889,19
3141,303909,27
4651,303937,19
4652,303957,19
1611,303977,33
1081,304011,29
280,304041,30
1939,304072,51
4653,304124,20
4654,304145,20
3998,304166,20
3956,304187,20
1221,304208,34
2811,304243,30
1458,304274,20
4655,304295,19
2731,304315,25
651,304341,60
1596,304402,128
691,304531,91
1905,304623,40
915,304664,168
4656,304833,20
4657,304854,34
3209,304889,19
3210,304909,19
4658,304929,19
1720,304949,55
2356,305005,55
445,305061,18
1896,305080,107
2154,305188,19
2883,305208,19
836,305228,65
1247,305294,111
1019,305406,52
1323,305459,19
774,305479,144
2460,305624,40
1298,305665,35
2450,305701,47
4659,305749,72
4660,305822,70
3416,305893,29
3293,305923,19
2611,305943,30
114,305974,129
183,306104,63
4661,306168,20
1433,306189,34
442,306224,28
1057,306253,61
4662,306315,30
2750,306346,66
4663,306413,62
1180,306476,24
4664,306501,20
4665,306522,20
4666,306543,20
2504,306564,55
4667,306620,20
2929,306641,31
4668,306673,31
4669,306705,31
4670,306737,20
1897,306758,34
4671,306793,24
2279,306818,20
4672,306839,42
3173,306882,99
801,306982,143
2349,307126,40
4673,307167,69
1823,307237,40
1781,307278,46
849,307325,39
510,307365,29
1950,307395,91
1917,307487,61
1385,307549,31
4674,307581,23
4675,307605,20
4676,307626,20
1986,307647,31
1788,307679,20
1258,307700,123
279,307824,55
652,307880,112
1326,307993,30
1056,308024,24
2211,308049,121
1287,308171,56
1966,308228,20
1749,308249,20
1387,308270,20
4677,308291,20
80,308312,32
1381,308345,50
1998,308396,52
1311,308449,20
1129,308470,31
1745,308502,63
663,308566,40
4678,308607,24
1183,308632,30
1029,308663,149
4679,308813,25
4680,308839,19
2872,308859,30
1842,308890,33
4681,308924,20
1437,308945,88
4019,309034,40
4682,309075,19
659,309095,28
1746,309124,40
4683,309165,19
2543,309185,19
1300,309205,30
2581,309236,93
661,309330,18
3520,309349,22
879,309372,168
2210,309541,29
3454,309571,19
1586,309591,103
803,309695,62
2004,309758,20
1208,309779,88
2110,309868,32
1467,309901,104
1711,310006,19
1756,310026,79
2393,310106,58
2892,310165,18
1878,310184,29
1262,310214,29
1715,310244,29
2155,310274,19
1777,310294,30
1477,310325,34
1396,310360,119
1624,310480,51
311,310532,198
1212,310731,49
2936,310781,83
2563,310865,51
2791,310917,19
4684,310937,20
3904,310958,20
3553,310979,19
3341,310999,19
4685,311019,20
4686,311040,42
166,311083,33
833,311117,78
3374,311196,25
4687,311222,19
2174,311242,19
4688,311262,20
4689,311283,31
4690,311315,20
872,311336,43
4691,311380,60
2993,311441,40
4692,311482,22
3987,311505,19
1744,311525,51
2321,311577,29
1016,311607,107
2775,311715,41
157,311757,18
676,311776,174
2600,311951,30
2601,311982,30
4693,312013,19
285,312033,58
1448,312092,72
45,312165,245
1827,312411,103
2282,312515,43
1048,312559,19
2201,312579,30
3366,312610,33
783,312644,72
2475,312717,20
839,312738,145
1902,312884,40
3266,312925,20
1181,312946,79
2196,313026,40
1548,313067,44
2721,313112,51
1594,313164,60
2371,313225,43
1926,313269,40
182,313310,40
4694,313351,20
2376,313372,121
4695,313494,36
781,313531,39
2286,313571,59
4096,313631,19
1757,313651,42
4696,313694,20
4697,313715,20
599,313736,62
3246,313799,22
859,313822,63
4309,313886,34
4698,313921,34
4699,313956,39
2133,313996,20
4700,314017,20
4701,314038,20
1919,314059,66
306,314126,19
4702,314146,19
4703,314166,19
4704,314186,19
2861,314206,30
1108,314237,73
2419,314311,35
3407,314347,42
1351,314390,97
3838,314488,46
4705,314535,20
4706,314556,31
4707,314588,20
4708,314609,21
4709,314631,21
387,314653,18
4710,314672,19
4711,314692,19
4712,314712,19
1817,314732,37
4713,314770,23
4714,314794,34
4715,314829,19
4716,314849,31
2424,314881,30
589,314912,19
4717,314932,20
3601,314953,19
3602,314973,19
4718,314993,19
4719,315013,20
1701,315034,62
2318,315097,20
4720,315118,20
3914,315139,42
4721,315182,34
952,315217,18
4722,315236,19
2225,315256,22
4723,315279,19
4724,315299,20
4725,315320,20
3119,315341,19
1895,315361,51
2095,315413,31
1294,315445,51
4726,315497,19
3008,315517,19
4727,315537,19
4728,315557,19
2229,315577,22
4729,315600,19
4730,315620,29
1534,315650,19
1465,315670,29
3404,315700,19
4731,315720,19
4732,315740,19
794,315760,18
1217,315779,80
1731,315860,19
4733,315880,20
1637,315901,31
4734,315933,24
3038,315958,20
1758,315979,19
791,315999,18
3092,316018,19
3957,316038,19
4278,316058,19
1719,316078,38
2482,316117,104
4735,316222,19
2215,316242,45
4736,316288,20
2213,316309,31
2186,316341,20
4737,316362,51
1955,316414,83
866,316498,30
1065,316529,92
2968,316622,20
1813,316643,60
4738,316704,19
2866,316724,30
3206,316755,34
1367,316790,39
4739,316830,29
4740,316860,30
4741,316891,35
490,316927,39
1363,316967,20
4742,316988,20
4743,317009,20
4744,317030,20
2886,317051,20
1610,317072,50
4745,317123,19
828,317143,169
4746,317313,19
1699,317333,55
842,317389,151
973,317541,71
1427,317613,20
4385,317634,20
3136,317655,43
2740,317699,19
2654,317719,44
4747,317764,20
4748,317785,20
2552,317806,20
1907,317827,37
128,317865,58
4749,317924,23
4750,317948,23
1981,317972,19
2077,317992,61
1186,318054,35
1099,318090,52
778,318143,105
2778,318249,45
2792,318295,53
2681,318349,30
1109,318380,70
4295,318451,39
1550,318491,28
2724,318520,19
559,318540,126
2579,318667,19
3123,318687,97
2732,318785,40
4389,318826,31
690,318858,111
1191,318970,20
4751,318991,19
642,319011,59
2487,319071,49
1584,319121,23
2111,319145,20
4752,319166,20
4753,319187,20
1084,319208,20
1657,319229,109
2766,319339,19
4754,319359,19
346,319379,53
1175,319433,20
2708,319454,32
2179,319487,28
4755,319516,49
554,319566,18
4756,319585,19
3603,319605,40
1717,319646,72
1022,319719,19
4757,319739,20
2644,319760,20
2710,319781,19
3887,319801,19
4758,319821,22
4759,319844,19
920,319864,18
4760,319883,19
4761,319903,19
863,319923,21
864,319945,18
2814,319964,41
2815,320006,20
1346,320027,31
1207,320059,79
906,320139,29
2103,320169,43
1114,320213,29
1228,320243,19
1921,320263,30
4762,320294,20
1220,320315,47
1062,320363,121
4763,320485,19
4764,320505,19
1689,320525,52
771,320578,29
487,320608,18
4765,320627,20
600,320648,18
2967,320667,19
2496,320687,66
1444,320754,41
1776,320796,57
1205,320854,20
1750,320875,52
2124,320928,63
4766,320992,19
4767,321012,20
4768,321033,20
4769,321054,20
4770,321075,20
4771,321096,20
3896,321117,30
2785,321148,24
1320,321173,25
3207,321199,25
4772,321225,19
4773,321245,19
1640,321265,56
1773,321322,36
2858,321359,20
4774,321380,20
4775,321401,20
4776,321422,20
4777,321443,20
418,321464,34
1772,321499,52
4778,321552,20
1107,321573,98
3044,321672,20
1446,321693,31
2183,321725,20
4779,321746,31
2364,321778,29
1521,321808,38
2190,321847,34
2274,321882,40
405,321923,82
1416,322006,19
2049,322026,23
1229,322050,20
1125,322071,134
4780,322206,20
4781,322227,20
2118,322248,22
841,322271,51
4782,322323,20
156,322344,54
252,322399,19
4116,322419,24
1164,322444,42
2158,322487,30
1959,322518,19
967,322538,44
4783,322583,19
3093,322603,20
2388,322624,20
2297,322645,20
2744,322666,20
4784,322687,20
4785,322708,20
104,322729,49
3656,322779,20
4786,322800,22
308,322823,44
290,322868,29
260,322898,48
1161,322947,39
2550,322987,28
982,323016,86
3117,323103,68
4787,323172,20
2102,323193,20
4788,323214,20
4789,323235,20
1546,323256,20
1726,323277,19
1785,323297,33
4790,323331,43
1001,323375,20
4791,323396,20
2522,323417,20
1828,323438,20
2167,323459,20
4792,323480,22
4793,323503,19
4794,323523,19
991,323543,29
4795,323573,20
1219,323594,93
4796,323688,19
1778,323708,20
4797,323729,19
2100,323749,46
552,323796,18
1649,323815,44
4798,323860,20
2970,323881,51
1963,323933,39
1622,323973,75
89,324049,49
3393,324099,22
194,324122,29
195,324152,29
196,324182,29
204,324212,18
207,324231,26
1035,324258,30
565,324289,42
4027,324332,19
4799,324352,19
4800,324372,19
3469,324392,20
3133,324413,20
4209,324434,20
237,324455,45
1508,324501,42
4801,324544,20
4802,324565,19
3003,324585,29
4803,324615,20
3653,324636,30
4804,324667,21
2028,324689,29
4805,324719,20
4806,324740,20
2191,324761,28
3555,324790,20
3773,324811,20
2554,324832,20
649,324853,32
4807,324886,19
4808,324906,19
97,324926,84
1278,325011,73
1072,325085,49
4809,325135,30
3860,325166,24
1242,325191,261
2230,325453,67
1422,325521,30
2022,325552,62
811,325615,63
378,325679,19
4810,325699,20
2255,325720,30
1306,325751,37
4811,325789,22
4399,325812,22
4812,325835,19
1486,325855,30
4813,325886,19
4814,325906,19
4815,325926,19
2240,325946,123
1026,326070,56
943,326127,93
4816,326221,20
4817,326242,20
2140,326263,20
2564,326284,31
4818,326316,20
629,326337,23
4819,326361,20
2025,326382,39
3766,326422,19
4820,326442,112
4821,326555,19
1096,326575,20
4822,326596,19
2447,326616,20
716,326637,62
2171,326700,20
1358,326721,89
892,326811,19
233,326831,33
84,326865,59
775,326925,50
2260,326976,25
4823,327002,19
2719,327022,31
1789,327054,29
4824,327084,19
4825,327104,19
3994,327124,20
4826,327145,21
4827,327167,19
449,327187,56
1055,327244,29
2519,327274,20
4095,327295,20
4828,327316,20
4829,327337,20
446,327358,59
4830,327418,20
4831,327439,20
2359,327460,103
4832,327564,20
4833,327585,20
1202,327606,19
944,327626,41
1593,327668,31
4834,327700,20
1650,327721,20
2753,327742,20
4290,327763,46
1727,327810,27
2163,327838,19
1126,327858,20
4835,327879,19
4836,327899,19
717,327919,33
1861,327953,86
49,328040,18
3977,328059,31
4837,328091,20
2246,328112,20
4838,328133,20
4839,328154,20
1105,328175,30
679,328206,56
680,328263,45
4840,328309,19
3115,328329,19
1833,328349,19
1590,328369,19
1067,328389,29
284,328419,29
286,328449,18
931,328468,61
4841,328530,23
4842,328554,19
4313,328574,19
1522,328594,19
1379,328614,41
1915,328656,19
4843,328676,19
3024,328696,19
4844,328716,19
4845,328736,19
496,328756,18
2683,328775,19
2837,328795,22
4846,328818,21
1167,328840,31
1168,328872,31
668,328904,56
4847,328961,28
704,328990,18
1491,329009,19
4848,329029,19
4849,329049,20
4850,329070,34
4851,329105,20
3562,329126,19
4852,329146,19
4853,329166,49
1267,329216,41
1042,329258,19
2202,329278,28
4854,329307,20
1945,329328,64
4855,329393,20
4856,329414,20
1884,329435,20
4857,329456,20
665,329477,30
2220,329508,20
909,329529,44
914,329574,28
4858,329603,20
4859,329624,20
1078,329645,35
4860,329681,20
897,329702,18
706,329721,60
4861,329782,20
91,329803,28
4862,329832,23
2451,329856,30
1434,329887,19
4863,329907,19
1068,329927,51
4864,329979,20
2288,330000,31
4865,330032,20
1332,330053,85
4866,330139,20
687,330160,39
3923,330200,57
1620,330258,19
4867,330278,30
3764,330309,41
1400,330351,31
1786,330383,23
566,330407,52
1218,330460,20
1498,330481,30
1210,330512,20
1024,330533,20
4868,330554,20
1572,330575,46
4085,330622,20
4379,330643,20
860,330664,52
247,330717,51
2666,330769,20
1457,330790,39
1291,330830,24
1571,330855,31
1686,330887,20
4869,330908,20
1023,330929,20
4870,330950,20
4871,330971,21
3756,330993,34
4872,331028,19
537,331048,76
424,331125,41
1808,331167,19
222,331187,29
2720,331217,20
4873,331238,20
3369,331259,20
1824,331280,65
2159,331346,20
856,331367,36
1020,331404,57
4874,331462,24
2435,331487,19
4875,331507,19
507,331527,18
4876,331546,19
4877,331566,19
4878,331586,20
4879,331607,20
2707,331628,34
2298,331663,20
2175,331684,20
4880,331705,20
3889,331726,46
4881,331773,19
1321,331793,31
1259,331825,20
1618,331846,20
2290,331867,29
1652,331897,19
1018,331917,43
1140,331961,40
2051,332002,62
698,332065,39
4882,332105,19
2636,332125,19
3065,332145,33
832,332179,51
4883,332231,19
1870,332251,41
3275,332293,20
3064,332314,20
1246,332335,22
929,332358,19
4884,332378,32
4885,332411,19
4886,332431,19
1480,332451,19
4887,332471,20
2416,332492,20
4888,332513,20
4889,332534,19
3050,332554,19
4890,332574,20
4891,332595,20
4892,332616,19
502,332636,104
1436,332741,19
4893,332761,19
645,332781,28
1073,332810,19
1906,332830,30
2242,332861,20
4894,332882,20
1189,332903,35
1889,332939,20
4895,332960,20
4896,332981,20
4897,333002,20
1232,333023,19
2123,333043,20
2561,333064,42
2309,333107,24
4898,333132,20
1647,333153,20
3104,333174,30
1729,333205,56
1606,333262,19
4899,333282,20
1860,333303,20
4900,333324,20
3592,333345,20
2142,333366,41
416,333408,30
2169,333439,31
4901,333471,29
4902,333501,19
4314,333521,19
4903,333541,20
1677,333562,40
1564,333603,45
2560,333649,30
4904,333680,20
4289,333701,19
4905,333721,19
4906,333741,20
4907,333762,20
4908,333783,20
4909,333804,20
3426,333825,31
3786,333857,20
812,333878,34
1970,333913,19
4910,333933,19
1460,333953,24
2452,333978,31
3384,334010,20
3310,334031,43
3780,334075,31
4911,334107,21
1098,334129,19
1360,334149,19
3835,334169,19
2281,334189,22
3260,334212,20
2449,334233,20
3025,334254,20
4912,334275,20
3671,334296,20
2912,334317,20
748,334338,40
888,334379,30
1503,334410,20
940,334431,28
1270,334460,63
2985,334524,68
4217,334593,23
227,334617,38
4913,334656,20
2979,334677,20
2299,334698,20
1547,334719,20
3251,334740,23
3534,334764,19
4914,334784,19
4915,334804,19
392,334824,18
2920,334843,19
1871,334863,20
1489,334884,20
1249,334905,36
4916,334942,20
1769,334963,20
3704,334984,28
4917,335013,20
1322,335034,20
1882,335055,101
1280,335157,39
582,335197,18
3950,335216,19
2392,335236,31
2156,335268,24
2641,335293,20
1429,335314,31
4918,335346,19
3946,335366,19
4919,335386,21
1341,335408,19
4920,335428,19
1796,335448,62
4921,335511,19
4922,335531,21
1740,335553,112
1653,335666,55
2233,335722,66
4923,335789,19
2064,335809,30
3535,335840,45
2355,335886,19
3897,335906,31
835,335938,21
2660,335960,19
501,335980,86
4924,336067,22
2624,336090,20
3666,336111,20
4925,336132,20
4926,336153,20
1111,336174,56
1752,336231,121
3258,336353,40
2105,336394,20
2253,336415,40
2849,336456,20
4927,336477,20
1991,336498,27
1977,336526,31
1305,336558,61
4928,336620,35
1683,336656,34
1027,336691,50
1988,336742,76
4929,336819,47
1395,336867,80
4930,336948,33
4931,336982,23
4932,337006,24
4933,337031,20
4934,337052,20
3507,337073,20
2270,337094,35
2828,337130,19
1500,337150,19
4935,337170,19
1679,337190,65
2228,337256,20
4362,337277,19
2922,337297,48
4936,337346,32
4937,337379,24
2000,337404,45
4938,337450,20
4939,337471,19
4940,337491,19
3569,337511,19
4168,337531,19
4941,337551,20
2277,337572,19
1597,337592,19
4942,337612,19
1494,337632,19
1137,337652,19
4241,337672,19
763,337692,32
4075,337725,23
1877,337749,20
2153,337770,20
1106,337791,20
1356,337812,42
1771,337855,44
1847,337900,31
4943,337932,20
4944,337953,20
2658,337974,19
1251,337994,19
1836,338014,42
1934,338057,20
3163,338078,20
4945,338099,20
4946,338120,20
4947,338141,20
1845,338162,20
1956,338183,19
2083,338203,27
1888,338231,30
2075,338262,29
2991,338292,19
776,338312,18
4948,338331,19
4949,338351,19
3120,338371,19
4950,338391,20
3742,338412,20
1250,338433,20
2379,338454,20
1063,338475,19
2076,338495,19
2672,338515,19
4951,338535,19
2851,338555,20
4952,338576,20
2209,338597,19
431,338617,19
1665,338637,31
1266,338669,20
1113,338690,36
3402,338727,20
1958,338748,20
2466,338769,20
3259,338790,20
563,338811,21
4953,338833,39
4954,338873,20
2914,338894,31
2862,338926,24
527,338951,19
4334,338971,20
875,338992,19
1891,339012,40
3415,339053,30
1525,339084,19
4955,339104,19
3017,339124,24
4956,339149,21
1410,339171,30
282,339202,30
1329,339233,20
4957,339254,23
1682,339278,22
4958,339301,19
4959,339321,19
4960,339341,20
4961,339362,20
4962,339383,20
4963,339404,20
4964,339425,20
4965,339446,20
4966,339467,20
2693,339488,20
3305,339509,27
4967,339537,19
4968,339557,19
4969,339577,19
4970,339597,19
4971,339617,19
3033,339637,19
4972,339657,20
1655,339678,19
4973,339698,19
1265,339718,19
4974,339738,19
4975,339758,19
4976,339778,30
4123,339809,20
1645,339830,20
3965,339851,35
4977,339887,20
4192,339908,20
1382,339929,20
146,339950,19
4978,339970,20
383,339991,19
4979,340011,20
4010,340032,20
1047,340053,30
4980,340084,19
2668,340104,24
2418,340129,19
2344,340149,19
4981,340169,19
4982,340189,19
4983,340209,23
4984,340233,20
4985,340254,20
4986,340275,20
4987,340296,20
4218,340317,20
4393,340338,20
2469,340359,34
218,340394,29
4988,340424,32
2343,340457,20
2096,340478,73
4035,340552,20
2059,340573,24
4989,340598,24
4990,340623,20
1496,340644,20
4991,340665,20
4992,340686,24
4366,340711,19
4367,340731,19
2127,340751,19
4993,340771,19
4994,340791,19
4995,340811,24
1539,340836,30
761,340867,18
655,340886,18
4996,340905,23
4997,340929,20
2943,340950,19
4998,340970,19
4999,340990,19
2073,341010,24
1862,341035,29
4284,341065,20
3763,341086,35
5000,341122,19
2874,341142,31
5001,341174,19
5002,341194,24
2705,341219,24
3640,341244,20
5003,341265,21
5004,341287,19
2609,341307,29
5005,341337,20
5006,341358,31
1951,341390,24
4207,341415,20
2976,341436,20
483,341457,19
3523,341477,19
2085,341497,20
1309,341518,20
5007,341539,20
2305,341560,20
3108,341581,19
4047,341601,19
5008,341621,20
2249,341642,19
813,341662,49
3791,341712,36
3736,341749,29
5009,341779,19
3364,341799,20
1169,341820,20
3262,341841,24
3558,341866,19
3423,341886,20
4321,341907,19
5010,341927,19
3675,341947,19
3551,341967,19
3980,341987,23
2115,342011,24
5011,342036,20
2795,342057,20
2523,342078,20
5012,342099,19
1399,342119,35
1086,342155,30
1152,342186,20
5013,342207,20
1866,342228,19
1997,342248,39
4353,342288,19
1230,342308,30
1987,342339,20
401,342360,19
1304,342380,20
2007,342401,20
2024,342422,20
4333,342443,34
1378,342478,22
2477,342501,20
5014,342522,20
1999,342543,23
5015,342567,23
1943,342591,20
1388,342612,29
3619,342642,19
5016,342662,20
5017,342683,20
2176,342704,20
5018,342725,32
3925,342758,22
5019,342781,19
5020,342801,23
5021,342825,20
5022,342846,20
5023,342867,24
2184,342892,24
2254,342917,24
5024,342942,22
5025,342965,19
5026,342985,23
2947,343009,20
5027,343030,35
5028,343066,22
5029,343089,19
3831,343109,19
5030,343129,19
3770,343149,22
3323,343172,23
5031,343196,22
5032,343219,20
631,343240,19
2910,343260,20
2670,343281,20
5033,343302,21
5034,343324,19
3468,343344,19
5035,343364,20
388,343385,18
2585,343404,31
5036,343436,20
3095,343457,20
2292,343478,19
2360,343498,20
2480,343519,19
5037,343539,23
5038,343563,23
1668,343587,30
5039,343618,22
548,343641,18
5040,343660,19
5041,343680,20
5042,343701,19
5043,343721,19
5044,343741,19
5045,343761,19
2430,343781,19
5046,343801,22
3190,343824,19
2928,343844,19
5047,343864,20
740,343885,49
5048,343935,20
3256,343956,53
3063,344010,19
5049,344030,20
753,344051,18
5050,344070,19
5051,344090,20
1920,344111,19
3933,344131,20
5052,344152,31
2414,344184,23
1779,344208,20
3205,344229,19
5053,344249,19
3028,344269,19
3794,344289,19
3563,344309,19
1816,344329,19
2735,344349,19
5054,344369,19
5055,344389,19
3540,344409,19
3406,344429,20
5056,344450,19
558,344470,19
5057,344490,20
5058,344511,20
5059,344532,20
3610,344553,20
5060,344574,20
5061,344595,20
1439,344616,20
5062,344637,20
1195,344658,19
5063,344678,19
1373,344698,20
1784,344719,20
5064,344740,24
5065,344765,19
1669,344785,19
2980,344805,20
5066,344826,19
1735,344846,19
802,344866,19
5067,344886,19
3707,344906,19
1392,344926,20
5068,344947,20
2667,344968,20
1537,344989,22
800,345012,24
3263,345037,19
5069,345057,20
5070,345078,19
1890,345098,20
5071,345119,36
5072,345156,19
5073,345176,22
5074,345199,19
5075,345219,19
5076,345239,20
5077,345260,24
5078,345285,20
3237,345306,20
5079,345327,19
5080,345347,20
3382,345368,19
5081,345388,19
5082,345408,19
2709,345428,19
2847,345448,19
5083,345468,19
2909,345488,19
5084,345508,19
5085,345528,19
