1,0,3756
2,3757,4122
3,7880,2292
4,10173,4673
5,14847,278
6,15126,2594
7,17721,626
8,18348,3706
9,22055,2258
10,24314,3267
11,27582,318
12,27901,4642
13,32544,2562
14,35107,2760
15,37868,1515
16,39384,2049
17,41434,3112
18,44547,1600
19,46148,2763
20,48912,2988
21,51901,4030
22,55932,4126
23,60059,8231
24,68291,123
25,68415,1312
26,69728,755
27,70484,702
28,71187,2561
29,73749,418
30,74168,4079
31,78248,2536
32,80785,501
33,81287,2749
34,84037,1455
35,85493,395
36,85889,824
37,86714,341
38,87056,2116
39,89173,428
40,89602,221
41,89824,828
42,90653,37
43,90691,7459
44,98151,6962
45,105114,830
46,105945,7113
47,113059,1734
48,114794,509
49,115304,27
50,115332,3537
51,118870,607
52,119478,1727
53,121206,680
54,121887,12355
55,134243,6052
56,140296,325
57,140622,711
58,141334,1001
59,142336,1704
60,144041,1937
61,145979,1425
62,147405,1006
63,148412,2268
64,150681,3387
65,154069,1458
66,155528,1965
67,157494,2630
68,160125,715
69,160841,2986
70,163828,3811
71,167640,1498
72,169139,4973
73,174113,2827
74,176941,5067
75,182009,613
76,182623,594
77,183218,2606
78,185825,4273
79,190099,3115
80,193215,73
81,193289,1647
82,194937,2231
83,197169,2794
84,199964,222
85,200187,1193
86,201381,917
87,202299,625
88,202925,2166
89,205092,229
90,205322,410
91,205733,114
92,205848,2437
93,208286,234
94,208521,663
95,209185,442
96,209628,497
97,210126,326
98,210453,67
99,210521,529
100,211051,1657
101,212709,709
102,213419,934
103,214354,2854
104,217209,78
105,217288,18
106,217307,5572
107,222880,2070
108,224951,3276
109,228228,3014
110,231243,832
111,232076,4379
112,236456,2051
113,238508,47
114,238556,486
115,239043,2104
116,241148,440
117,241589,1229
118,242819,5237
119,248057,8627
120,256685,1380
121,258066,5617
122,263684,3084
123,266769,2223
124,268993,1356
125,270350,1189
126,271540,5158
127,276699,395
128,277095,261
129,277357,1060
130,278418,1478
131,279897,1695
132,281593,3241
133,284835,2826
134,287662,415
135,288078,5115
136,293194,1741
137,294936,276
138,295213,199
139,295413,1038
140,296452,1863
141,298316,116
142,298433,1846
143,300280,522
144,300803,1128
145,301932,267
146,302200,125
147,302326,4612
148,306939,220
149,307160,1898
150,309059,2102
151,311162,2561
152,313724,1333
153,315058,1329
154,316388,564
155,316953,28
156,316982,284
157,317267,64
158,317332,26
159,317359,21
160,317381,168
161,317550,3951
162,321502,343
163,321846,283
164,322130,1210
165,323341,322
166,323664,104
167,323769,1604
168,325374,1427
169,326802,4264
170,331067,480
171,331548,1489
172,333038,3186
173,336225,2285
174,338511,399
175,338911,5786
176,344698,6011
177,350710,625
178,351336,1485
179,352822,2852
180,355675,4253
181,359929,28
182,359958,91
183,360050,112
184,360163,723
185,360887,1648
186,362536,3570
187,366107,893
188,367001,399
189,367401,1481
190,368883,2291
191,371175,2395
192,373571,244
193,373816,282
194,374099,66
195,374166,84
196,374251,85
197,374337,369
198,374707,551
199,375259,39
200,375299,1450
201,376750,5530
202,382281,8576
203,390858,27
204,390886,40
205,390927,25
206,390953,1567
207,392521,79
208,392601,464
209,393066,919
210,393986,372
211,394359,2673
212,397033,891
213,397925,330
214,398256,2041
215,400298,2284
216,402583,828
217,403412,152
218,403565,140
219,403706,50
220,403757,610
221,404368,49
222,404418,98
223,404517,130
224,404648,2190
225,406839,1012
226,407852,350
227,408203,185
228,408389,534
229,408924,27
230,408952,494
231,409447,2504
232,411952,1119
233,413072,66
234,413139,757
235,413897,246
236,414144,36
237,414181,128
238,414310,18
239,414329,696
240,415026,524
241,415551,272
242,415824,814
243,416639,1306
244,417946,799
245,418746,239
246,418986,252
247,419239,110
248,419350,482
249,419833,299
250,420133,195
251,420329,1064
252,421394,38
253,421433,956
254,422390,3160
255,425551,275
256,425827,147
257,425975,26
258,426002,845
259,426848,2540
260,429389,202
261,429592,979
262,430572,760
263,431333,1702
264,433036,2361
265,435398,2795
266,438194,1371
267,439566,949
268,440516,759
269,441276,1007
270,442284,173
271,442458,953
272,443412,3395
273,446808,1117
274,447926,3793
275,451720,143
276,451864,112
277,451977,50
278,452028,223
279,452252,281
280,452534,106
281,452641,132
282,452774,113
283,452888,363
284,453252,85
285,453338,97
286,453436,57
287,453494,178
288,453673,17
289,453691,17
290,453709,89
291,453799,1392
292,455192,1957
293,457150,965
294,458116,280
295,458397,17
296,458415,1482
297,459898,292
298,460191,426
299,460618,307
300,460926,1433
301,462360,776
302,463137,732
303,463870,28
304,463899,434
305,464334,765
306,465100,148
307,465249,192
308,465442,238
309,465681,579
310,466261,1780
311,468042,703
312,468746,2365
313,471112,836
314,471949,1650
315,473600,18
316,473619,812
317,474432,626
318,475059,134
319,475194,319
320,475514,2762
321,478277,683
322,478961,28
323,478990,453
324,479444,368
325,479813,141
326,479955,719
327,480675,1647
328,482323,824
329,483148,1622
330,484771,51
331,484823,163
332,484987,893
333,485881,225
334,486107,2847
335,488955,38
336,488994,359
337,489354,18
338,489373,629
339,490003,198
340,490202,1117
341,491320,3160
342,494481,1086
343,495568,303
344,495872,402
345,496275,1222
346,497498,122
347,497621,1788
348,499410,2543
349,501954,779
350,502734,420
351,503155,1047
352,504203,670
353,504874,77
354,504952,1785
355,506738,239
356,506978,369
357,507348,1174
358,508523,676
359,509200,324
360,509525,750
361,510276,1788
362,512065,2129
363,514195,1146
364,515342,946
365,516289,96
366,516386,333
367,516720,46
368,516767,713
369,517481,253
370,517735,636
371,518372,753
372,519126,17
373,519144,17
374,519162,1370
375,520533,18
376,520552,1625
377,522178,1721
378,523900,106
379,524007,911
380,524919,1771
381,526691,933
382,527625,214
383,527840,36
384,527877,668
385,528546,2366
386,530913,25
387,530939,161
388,531101,109
389,531211,174
390,531386,453
391,531840,66
392,531907,35
393,531943,750
394,532694,35
395,532730,910
396,533641,3184
397,536826,755
398,537582,365
399,537948,1331
400,539280,17
401,539298,69
402,539368,161
403,539530,637
404,540168,27
405,540196,339
406,540536,681
407,541218,2225
408,543444,1051
409,544496,1180
410,545677,182
411,545860,371
412,546232,143
413,546376,314
414,546691,4085
415,550777,479
416,551257,63
417,551321,966
418,552288,188
419,552477,2396
420,554874,556
421,555431,498
422,555930,1078
423,557009,1144
424,558154,128
425,558283,1046
426,559330,559
427,559890,27
428,559918,2281
429,562200,36
430,562237,853
431,563091,184
432,563276,869
433,564146,19
434,564166,1528
435,565695,729
436,566425,282
437,566708,179
438,566888,602
439,567491,361
440,567853,1235
441,569089,930
442,570020,110
443,570131,678
444,570810,2333
445,573144,60
446,573205,160
447,573366,1094
448,574461,951
449,575413,181
450,575595,46
451,575642,379
452,576022,950
453,576973,263
454,577237,561
455,577799,378
456,578178,2223
457,580402,286
458,580689,1477
459,582167,650
460,582818,1414
461,584233,1433
462,585667,1263
463,586931,220
464,587152,1412
465,588565,106
466,588672,1650
467,590323,611
468,590935,1024
469,591960,2571
470,594532,941
471,595474,372
472,595847,1261
473,597109,386
474,597496,1873
475,599370,1216
476,600587,18
477,600606,366
478,600973,86
479,601060,420
480,601481,1142
481,602624,1338
482,603963,2385
483,606349,66
484,606416,408
485,606825,39
486,606865,230
487,607096,56
488,607153,265
489,607419,341
490,607761,145
491,607907,1075
492,608983,311
493,609295,965
494,610261,233
495,610495,461
496,610957,84
497,611042,432
498,611475,210
499,611686,543
500,612230,2369
501,614600,195
502,614796,304
503,615101,736
504,615838,95
505,615934,986
506,616921,544
507,617466,46
508,617513,1210
509,618724,345
510,619070,163
511,619234,749
512,619984,47
513,620032,483
514,620516,274
515,620791,56
516,620848,162
517,621011,503
518,621515,482
519,621998,48
520,622047,1161
521,623209,597
522,623807,63
523,623871,2122
524,625994,307
525,626302,1292
526,627595,446
527,628042,55
528,628098,952
529,629051,108
530,629160,31
531,629192,212
532,629405,1444
533,630850,977
534,631828,3944
535,635773,530
536,636304,2228
537,638533,163
538,638697,793
539,639491,270
540,639762,141
541,639904,428
542,640333,164
543,640498,1485
544,641984,247
545,642232,750
546,642983,479
547,643463,1878
548,645342,70
549,645413,644
550,646058,296
551,646355,1599
552,647955,35
553,647991,293
554,648285,62
555,648348,376
556,648725,730
557,649456,839
558,650296,64
559,650361,476
560,650838,2220
561,653059,568
562,653628,1040
563,654669,162
564,654832,46
565,654879,144
566,655024,143
567,655168,338
568,655507,702
569,656210,835
570,657046,435
571,657482,880
572,658363,53
573,658417,511
574,658929,16
575,658946,610
576,659557,622
577,660180,108
578,660289,498
579,660788,81
580,660870,2103
581,662974,113
582,663088,35
583,663124,431
584,663556,755
585,664312,1118
586,665431,517
587,665949,496
588,666446,448
589,666895,392
590,667288,1252
591,668541,177
592,668719,20
593,668740,179
594,668920,98
595,669019,158
596,669178,1667
597,670846,578
598,671425,122
599,671548,288
600,671837,84
601,671922,154
602,672077,284
603,672362,1821
604,674184,253
605,674438,1520
606,675959,177
607,676137,46
608,676184,889
609,677074,1198
610,678273,773
611,679047,274
612,679322,165
613,679488,2510
614,681999,452
615,682452,1880
616,684333,1058
617,685392,109
618,685502,579
619,686082,19
620,686102,53
621,686156,17
622,686174,62
623,686237,17
624,686255,1964
625,688220,1456
626,689677,37
627,689715,193
628,689909,36
629,689946,32
630,689979,1427
631,691407,28
632,691436,71
633,691508,1012
634,692521,152
635,692674,1712
636,694387,1798
637,696186,18
638,696205,170
639,696376,220
640,696597,28
641,696626,18
642,696645,247
643,696893,284
644,697178,17
645,697196,90
646,697287,947
647,698235,1101
648,699337,793
649,700131,89
650,700221,643
651,700865,116
652,700982,345
653,701328,444
654,701773,17
655,701791,120
656,701912,26
657,701939,17
658,701957,183
659,702141,85
660,702227,17
661,702245,36
662,702282,647
663,702930,67
664,702998,2832
665,705831,76
666,705908,716
667,706625,582
668,707208,210
669,707419,597
670,708017,1177
671,709195,18
672,709214,762
673,709977,316
674,710294,387
675,710682,57
676,710740,569
677,711310,1320
678,712631,879
679,713511,176
680,713688,158
681,713847,708
682,714556,414
683,714971,500
684,715472,456
685,715929,422
686,716352,112
687,716465,134
688,716600,35
689,716636,1066
690,717703,241
691,717945,347
692,718293,1361
693,719655,32
694,719688,28
695,719717,2568
696,722286,168
697,722455,108
698,722564,87
699,722652,623
700,723276,377
701,723654,650
702,724305,471
703,724777,784
704,725562,76
705,725639,1252
706,726892,70
707,726963,1502
708,728466,374
709,728841,1309
710,730151,2094
711,732246,430
712,732677,409
713,733087,95
714,733183,259
715,733443,208
716,733652,352
717,734005,186
718,734192,151
719,734344,179
720,734524,181
721,734706,275
722,734982,16
723,734999,17
724,735017,26
725,735044,17
726,735062,26
727,735089,504
728,735594,875
729,736470,507
730,736978,450
731,737429,120
732,737550,310
733,737861,984
734,738846,440
735,739287,508
736,739796,371
737,740168,582
738,740751,291
739,741043,959
740,742003,284
741,742288,55
742,742344,477
743,742822,612
744,743435,614
745,744050,598
746,744649,333
747,744983,95
748,745079,107
749,745187,751
750,745939,217
751,746157,17
752,746175,92
753,746268,57
754,746326,640
755,746967,298
756,747266,940
757,748207,450
758,748658,196
759,748855,131
760,748987,435
761,749423,78
762,749502,22
763,749525,59
764,749585,28
765,749614,18
766,749633,1669
767,751303,489
768,751793,188
769,751982,538
770,752521,218
771,752740,164
772,752905,733
773,753639,426
774,754066,404
775,754471,206
776,754678,35
777,754714,230
778,754945,626
779,755572,448
780,756021,100
781,756122,107
782,756230,332
783,756563,344
784,756908,464
785,757373,1262
786,758636,532
787,759169,80
788,759250,251
789,759502,1257
790,760760,63
791,760824,41
792,760866,39
793,760906,648
794,761555,126
795,761682,191
796,761874,82
797,761957,139
798,762097,1083
799,763181,513
800,763695,86
801,763782,421
802,764204,177
803,764382,119
804,764502,741
805,765244,17
806,765262,250
807,765513,557
808,766071,51
809,766123,1025
810,767149,263
811,767413,178
812,767592,266
813,767859,166
814,768026,413
815,768440,145
816,768586,590
817,769177,17
818,769195,789
819,769985,103
820,770089,992
821,771082,569
822,771652,901
823,772554,75
824,772630,1267
825,773898,566
826,774465,18
827,774484,83
828,774568,639
829,775208,244
830,775453,347
831,775801,21
832,775823,178
833,776002,136
834,776139,18
835,776158,273
836,776432,262
837,776695,74
838,776770,41
839,776812,268
840,777081,1366
841,778448,260
842,778709,381
843,779091,379
844,779471,431
845,779903,264
846,780168,18
847,780187,492
848,780680,117
849,780798,78
850,780877,27
851,780905,642
852,781548,18
853,781567,164
854,781732,18
855,781751,620
856,782372,103
857,782476,836
858,783313,204
859,783518,185
860,783704,123
861,783828,17
862,783846,36
863,783883,30
864,783914,36
865,783951,37
866,783989,63
867,784053,126
868,784180,131
869,784312,504
870,784817,971
871,785789,207
872,785997,81
873,786079,772
874,786852,27
875,786880,103
876,786984,790
877,787775,990
878,788766,258
879,789025,361
880,789387,188
881,789576,242
882,789819,554
883,790374,167
884,790542,593
885,791136,229
886,791366,74
887,791441,100
888,791542,77
889,791620,204
890,791825,234
891,792060,380
892,792441,39
893,792481,361
894,792843,730
895,793574,27
896,793602,18
897,793621,133
898,793755,3632
899,797388,132
900,797521,690
901,798212,857
902,799070,161
903,799232,835
904,800068,197
905,800266,382
906,800649,116
907,800766,19
908,800786,136
909,800923,105
910,801029,878
911,801908,45
912,801954,548
913,802503,573
914,803077,77
915,803155,436
916,803592,1390
917,804983,423
918,805407,240
919,805648,42
920,805691,28
921,805720,41
922,805762,293
923,806056,505
924,806562,96
925,806659,437
926,807097,652
927,807750,480
928,808231,952
929,809184,112
930,809297,29
931,809327,248
932,809576,168
933,809745,100
934,809846,59
935,809906,268
936,810175,1061
937,811237,404
938,811642,37
939,811680,315
940,811996,82
941,812079,236
942,812316,559
943,812876,293
944,813170,241
945,813412,37
946,813450,163
947,813614,41
948,813656,761
949,814418,299
950,814718,232
951,814951,16
952,814968,47
953,815016,39
954,815056,69
955,815126,192
956,815319,217
957,815537,561
958,816099,1237
959,817337,811
960,818149,618
961,818768,287
962,819056,17
963,819074,127
964,819202,142
965,819345,65
966,819411,387
967,819799,92
968,819892,212
969,820105,475
970,820581,347
971,820929,237
972,821167,471
973,821639,254
974,821894,418
975,822313,810
976,823124,483
977,823608,835
978,824444,229
979,824674,149
980,824824,36
981,824861,260
982,825122,274
983,825397,301
984,825699,17
985,825717,142
986,825860,268
987,826129,26
988,826156,176
989,826333,19
990,826353,17
991,826371,52
992,826424,17
993,826442,805
994,827248,425
995,827674,47
996,827722,91
997,827814,138
998,827953,230
999,828184,47
1000,828232,81
1001,828314,119
1002,828434,314
1003,828749,29
1004,828779,443
1005,829223,50
1006,829274,374
1007,829649,779
1008,830429,284
1009,830714,28
1010,830743,270
1011,831014,252
1012,831267,339
1013,831607,381
1014,831989,77
1015,832067,130
1016,832198,293
1017,832492,60
1018,832553,237
1019,832791,146
1020,832938,171
1021,833110,117
1022,833228,78
1023,833307,55
1024,833363,93
1025,833457,27
1026,833485,141
1027,833627,152
1028,833780,48
1029,833829,604
1030,834434,124
1031,834559,96
1032,834656,340
1033,834997,37
1034,835035,66
1035,835102,84
1036,835187,362
1037,835550,58
1038,835609,36
1039,835646,47
1040,835694,974
1041,836669,958
1042,837628,93
1043,837722,99
1044,837822,391
1045,838214,426
1046,838641,29
1047,838671,170
1048,838842,37
1049,838880,1119
1050,840000,70
1051,840071,320
1052,840392,588
1053,840981,36
1054,841018,444
1055,841463,58
1056,841522,121
1057,841644,150
1058,841795,602
1059,842398,127
1060,842526,783
1061,843310,260
1062,843571,255
1063,843827,45
1064,843873,412
1065,844286,174
1066,844461,102
1067,844564,56
1068,844621,292
1069,844914,175
1070,845090,18
1071,845109,772
1072,845882,184
1073,846067,38
1074,846106,1103
1075,847210,95
1076,847306,157
1077,847464,404
1078,847869,169
1079,848039,28
1080,848068,211
1081,848280,48
1082,848329,19
1083,848349,100
1084,848450,49
1085,848500,299
1086,848800,69
1087,848870,19
1088,848890,1653
1089,850544,384
1090,850929,48
1091,850978,143
1092,851122,37
1093,851160,19
1094,851180,255
1095,851436,37
1096,851474,29
1097,851504,755
1098,852260,85
1099,852346,208
1100,852555,544
1101,853100,278
1102,853379,535
1103,853915,63
1104,853979,1057
1105,855037,74
1106,855112,99
1107,855212,245
1108,855458,211
1109,855670,458
1110,856129,45
1111,856175,184
1112,856360,1270
1113,857631,191
1114,857823,83
1115,857907,145
1116,858053,48
1117,858102,17
1118,858120,17
1119,858138,676
1120,858815,225
1121,859041,40
1122,859082,215
1123,859298,426
1124,859725,384
1125,860110,430
1126,860541,187
1127,860729,120
1128,860850,75
1129,860926,137
1130,861064,28
1131,861093,819
1132,861913,445
1133,862359,38
1134,862398,203
1135,862602,398
1136,863001,295
1137,863297,87
1138,863385,281
1139,863667,119
1140,863787,175
1141,863963,493
1142,864457,190
1143,864648,124
1144,864773,18
1145,864792,47
1146,864840,392
1147,865233,77
1148,865311,19
1149,865331,383
1150,865715,831
1151,866547,19
1152,866567,133
1153,866701,613
1154,867315,485
1155,867801,587
1156,868389,21
1157,868411,273
1158,868685,820
1159,869506,149
1160,869656,505
1161,870162,114
1162,870277,193
1163,870471,117
1164,870589,108
1165,870698,289
1166,870988,19
1167,871008,95
1168,871104,95
1169,871200,30
1170,871231,19
1171,871251,96
1172,871348,221
1173,871570,58
1174,871629,243
1175,871873,59
1176,871933,35
1177,871969,476
1178,872446,300
1179,872747,100
1180,872848,398
1181,873247,447
1182,873695,126
1183,873822,178
1184,874001,653
1185,874655,46
1186,874702,63
1187,874766,129
1188,874896,64
1189,874961,119
1190,875081,166
1191,875248,105
1192,875354,19
1193,875374,29
1194,875404,326
1195,875731,29
1196,875761,46
1197,875808,98
1198,875907,27
1199,875935,46
1200,875982,18
1201,876001,18
1202,876020,113
1203,876134,58
1204,876193,137
1205,876331,77
1206,876409,213
1207,876623,118
1208,876742,250
1209,876993,525
1210,877519,52
1211,877572,160
1212,877733,86
1213,877820,751
1214,878572,302
1215,878875,54
1216,878930,195
1217,879126,174
1218,879301,93
1219,879395,260
1220,879656,494
1221,880151,114
1222,880266,573
1223,880840,26
1224,880867,216
1225,881084,161
1226,881246,444
1227,881691,281
1228,881973,121
1229,882095,62
1230,882158,56
1231,882215,18
1232,882234,46
1233,882281,37
1234,882319,66
1235,882386,228
1236,882615,378
1237,882994,62
1238,883057,439
1239,883497,450
1240,883948,241
1241,884190,308
1242,884499,596
1243,885096,18
1244,885115,132
1245,885248,392
1246,885641,53
1247,885695,456
1248,886152,22
1249,886175,234
1250,886410,119
1251,886530,88
1252,886619,84
1253,886704,19
1254,886724,209
1255,886934,203
1256,887138,194
1257,887333,188
1258,887522,511
1259,888034,38
1260,888073,458
1261,888532,303
1262,888836,48
1263,888885,425
1264,889311,600
1265,889912,29
1266,889942,154
1267,890097,82
1268,890180,19
1269,890200,183
1270,890384,106
1271,890491,207
1272,890699,19
1273,890719,40
1274,890760,19
1275,890780,45
1276,890826,36
1277,890863,17
1278,890881,180
1279,891062,360
1280,891423,86
1281,891510,18
1282,891529,241
1283,891771,268
1284,892040,107
1285,892148,170
1286,892319,50
1287,892370,180
1288,892551,577
1289,893129,150
1290,893280,201
1291,893482,72
1292,893555,36
1293,893592,257
1294,893850,246
1295,894097,591
1296,894689,69
1297,894759,19
1298,894779,103
1299,894883,21
1300,894905,76
1301,894982,498
1302,895481,90
1303,895572,216
1304,895789,59
1305,895849,254
1306,896104,89
1307,896194,19
1308,896214,294
1309,896509,78
1310,896588,19
1311,896608,30
1312,896639,322
1313,896962,133
1314,897096,33
1315,897130,19
1316,897150,450
1317,897601,29
1318,897631,272
1319,897904,232
1320,898137,180
1321,898318,77
1322,898396,83
1323,898480,39
1324,898520,459
1325,898980,199
1326,899180,59
1327,899240,22
1328,899263,480
1329,899744,78
1330,899823,56
1331,899880,17
1332,899898,183
1333,900082,170
1334,900253,26
1335,900280,33
1336,900314,531
1337,900846,113
1338,900960,252
1339,901213,45
1340,901259,18
1341,901278,38
1342,901317,282
1343,901600,18
1344,901619,18
1345,901638,27
1346,901666,70
1347,901737,274
1348,902012,18
1349,902031,27
1350,902059,19
1351,902079,235
1352,902315,19
1353,902335,19
1354,902355,94
1355,902450,178
1356,902629,210
1357,902840,42
1358,902883,218
1359,903102,411
1360,903514,61
1361,903576,287
1362,903864,89
1363,903954,85
1364,904040,127
1365,904168,28
1366,904197,79
1367,904277,98
1368,904376,22
1369,904399,18
1370,904418,19
1371,904438,19
1372,904458,157
1373,904616,47
1374,904664,50
1375,904715,19
1376,904735,37
1377,904773,47
1378,904821,59
1379,904881,126
1380,905008,49
1381,905058,114
1382,905173,120
1383,905294,85
1384,905380,35
1385,905416,129
1386,905546,35
1387,905582,57
1388,905640,84
1389,905725,21
1390,905747,172
1391,905920,18
1392,905939,38
1393,905978,18
1394,905997,189
1395,906187,170
1396,906358,385
1397,906744,117
1398,906862,265
1399,907128,157
1400,907286,148
1401,907435,142
1402,907578,18
1403,907597,142
1404,907740,128
1405,907869,38
1406,907908,39
1407,907948,97
1408,908046,39
1409,908086,29
1410,908116,50
1411,908167,48
1412,908216,207
1413,908424,165
1414,908590,19
1415,908610,58
1416,908669,29
1417,908699,61
1418,908761,19
1419,908781,19
1420,908801,60
1421,908862,41
1422,908904,59
1423,908964,33
1424,908998,204
1425,909203,39
1426,909243,336
1427,909580,68
1428,909649,40
1429,909690,48
1430,909739,35
1431,909775,27
1432,909803,60
1433,909864,42
1434,909907,64
1435,909972,18
1436,909991,28
1437,910020,186
1438,910207,818
1439,911026,39
1440,911066,213
1441,911280,108
1442,911389,369
1443,911759,381
1444,912141,123
1445,912265,19
1446,912285,132
1447,912418,403
1448,912822,201
1449,913024,58
1450,913083,42
1451,913126,104
1452,913231,539
1453,913771,67
1454,913839,136
1455,913976,18
1456,913995,39
1457,914035,59
1458,914095,112
1459,914208,158
1460,914367,52
1461,914420,18
1462,914439,27
1463,914467,38
1464,914506,19
1465,914526,90
1466,914617,32
1467,914650,240
1468,914891,23
1469,914915,273
1470,915189,143
1471,915333,101
1472,915435,29
1473,915465,19
1474,915485,116
1475,915602,200
1476,915803,49
1477,915853,53
1478,915907,38
1479,915946,77
1480,916024,29
1481,916054,39
1482,916094,155
1483,916250,19
1484,916270,361
1485,916632,227
1486,916860,86
1487,916947,124
1488,917072,28
1489,917101,38
1490,917140,19
1491,917160,55
1492,917216,18
1493,917235,375
1494,917611,28
1495,917640,28
1496,917669,39
1497,917709,38
1498,917748,69
1499,917818,29
1500,917848,37
1501,917886,235
1502,918122,76
1503,918199,29
1504,918229,18
1505,918248,161
1506,918410,18
1507,918429,216
1508,918646,89
1509,918736,57
1510,918794,46
1511,918841,87
1512,918929,290
1513,919220,107
1514,919328,19
1515,919348,19
1516,919368,141
1517,919510,429
1518,919940,38
1519,919979,44
1520,920024,1821
1521,921846,124
1522,921971,47
1523,922019,55
1524,922075,179
1525,922255,55
1526,922311,365
1527,922677,76
1528,922754,64
1529,922819,463
1530,923283,19
1531,923303,122
1532,923426,417
1533,923844,376
1534,924221,49
1535,924271,18
1536,924290,101
1537,924392,41
1538,924434,119
1539,924554,199
1540,924754,356
1541,925111,18
1542,925130,18
1543,925149,159
1544,925309,19
1545,925329,276
1546,925606,100
1547,925707,41
1548,925749,276
1549,926026,28
1550,926055,66
1551,926122,1437
1552,927560,159
1553,927720,313
1554,928034,105
1555,928140,117
1556,928258,259
1557,928518,36
1558,928555,18
1559,928574,18
1560,928593,18
1561,928612,146
1562,928759,97
1563,928857,18
1564,928876,150
1565,929027,41
1566,929069,18
1567,929088,18
1568,929107,18
1569,929126,18
1570,929145,117
1571,929263,54
1572,929318,132
1573,929451,253
1574,929705,18
1575,929724,18
1576,929743,18
1577,929762,54
1578,929817,19
1579,929837,19
1580,929857,62
1581,929920,19
1582,929940,19
1583,929960,38
1584,929999,53
1585,930053,171
1586,930225,357
1587,930583,235
1588,930819,161
1589,930981,441
1590,931423,92
1591,931516,138
1592,931655,90
1593,931746,41
1594,931788,182
1595,931971,19
1596,931991,281
1597,932273,57
1598,932331,29
1599,932361,208
1600,932570,182
1601,932753,38
1602,932792,50
1603,932843,111
1604,932955,22
1605,932978,22
1606,933001,74
1607,933076,21
1608,933098,18
1609,933117,19
1610,933137,77
1611,933215,179
1612,933395,87
1613,933483,71
1614,933555,18
1615,933574,18
1616,933593,247
1617,933841,18
1618,933860,39
1619,933900,19
1620,933920,28
1621,933949,185
1622,934135,245
1623,934381,77
1624,934459,180
1625,934640,37
1626,934678,47
1627,934726,174
1628,934901,78
1629,934980,18
1630,934999,18
1631,935018,18
1632,935037,197
1633,935235,18
1634,935254,96
1635,935351,87
1636,935439,146
1637,935586,40
1638,935627,51
1639,935679,22
1640,935702,196
1641,935899,47
1642,935947,59
1643,936007,28
1644,936036,188
1645,936225,30
1646,936256,61
1647,936318,59
1648,936378,18
1649,936397,124
1650,936522,73
1651,936596,100
1652,936697,75
1653,936773,272
1654,937046,337
1655,937384,201
1656,937586,19
1657,937606,254
1658,937861,37
1659,937899,19
1660,937919,96
1661,938016,468
1662,938485,349
1663,938835,31
1664,938867,66
1665,938934,123
1666,939058,69
1667,939128,152
1668,939281,67
1669,939349,28
1670,939378,18
1671,939397,37
1672,939435,40
1673,939476,653
1674,940130,31
1675,940162,204
1676,940367,40
1677,940408,89
1678,940498,32
1679,940531,84
1680,940616,26
1681,940643,24
1682,940668,31
1683,940700,115
1684,940816,304
1685,941121,18
1686,941140,40
1687,941181,20
1688,941202,18
1689,941221,182
1690,941404,271
1691,941676,19
1692,941696,53
1693,941750,65
1694,941816,105
1695,941922,132
1696,942055,29
1697,942085,173
1698,942259,59
1699,942319,131
1700,942451,35
1701,942487,165
1702,942653,67
1703,942721,300
1704,943022,87
1705,943110,227
1706,943338,28
1707,943367,18
1708,943386,27
1709,943414,27
1710,943442,28
1711,943471,48
1712,943520,29
1713,943550,18
1714,943569,28
1715,943598,251
1716,943850,29
1717,943880,174
1718,944055,77
1719,944133,93
1720,944227,128
1721,944356,21
1722,944378,27
1723,944406,18
1724,944425,29
1725,944455,169
1726,944625,51
1727,944677,60
1728,944738,18
1729,944757,228
1730,944986,168
1731,945155,58
1732,945214,107
1733,945322,28
1734,945351,51
1735,945403,76
1736,945480,108
1737,945589,19
1738,945609,19
1739,945629,28
1740,945658,202
1741,945861,17
1742,945879,17
1743,945897,27
1744,945925,116
1745,946042,239
1746,946282,144
1747,946427,38
1748,946466,86
1749,946553,74
1750,946628,129
1751,946758,201
1752,946960,149
1753,947110,164
1754,947275,500
1755,947776,93
1756,947870,557
1757,948428,97
1758,948526,40
1759,948567,458
1760,949026,28
1761,949055,22
1762,949078,63
1763,949142,18
1764,949161,18
1765,949180,121
1766,949302,144
1767,949447,38
1768,949486,222
1769,949709,69
1770,949779,19
1771,949799,310
1772,950110,91
1773,950202,73
1774,950276,122
1775,950399,345
1776,950745,168
1777,950914,150
1778,951065,48
1779,951114,30
1780,951145,39
1781,951185,165
1782,951351,18
1783,951370,18
1784,951389,77
1785,951467,111
1786,951579,41
1787,951621,19
1788,951641,112
1789,951754,57
1790,951812,19
1791,951832,18
1792,951851,46
1793,951898,18
1794,951917,437
1795,952355,19
1796,952375,100
1797,952476,51
1798,952528,217
1799,952746,347
1800,953094,22
1801,953117,22
1802,953140,95
1803,953236,38
1804,953275,23
1805,953299,19
1806,953319,29
1807,953349,254
1808,953604,59
1809,953664,29
1810,953694,19
1811,953714,19
1812,953734,19
1813,953754,99
1814,953854,95
1815,953950,18
1816,953969,143
1817,954113,46
1818,954160,19
1819,954180,30
1820,954211,144
1821,954356,299
1822,954656,83
1823,954740,155
1824,954896,209
1825,955106,22
1826,955129,374
1827,955504,560
1828,956065,77
1829,956143,18
1830,956162,18
1831,956181,57
1832,956239,47
1833,956287,38
1834,956326,253
1835,956580,244
1836,956825,78
1837,956904,19
1838,956924,19
1839,956944,28
1840,956973,48
1841,957022,27
1842,957050,193
1843,957244,95
1844,957340,135
1845,957476,30
1846,957507,111
1847,957619,70
1848,957690,28
1849,957719,141
1850,957861,141
1851,958003,29
1852,958033,28
1853,958062,85
1854,958148,18
1855,958167,31
1856,958199,40
1857,958240,155
1858,958396,18
1859,958415,302
1860,958718,58
1861,958777,158
1862,958936,127
1863,959064,18
1864,959083,191
1865,959275,39
1866,959315,296
1867,959612,31
1868,959644,74
1869,959719,59
1870,959779,92
1871,959872,46
1872,959919,179
1873,960099,175
1874,960275,31
1875,960307,19
1876,960327,132
1877,960460,59
1878,960520,72
1879,960593,120
1880,960714,196
1881,960911,157
1882,961069,314
1883,961384,343
1884,961728,38
1885,961767,252
1886,962020,38
1887,962059,172
1888,962232,86
1889,962319,115
1890,962435,49
1891,962485,179
1892,962665,218
1893,962884,59
1894,962944,19
1895,962964,116
1896,963081,156
1897,963238,83
1898,963322,168
1899,963491,18
1900,963510,27
1901,963538,18
1902,963557,73
1903,963631,18
1904,963650,261
1905,963912,69
1906,963982,50
1907,964033,51
1908,964085,19
1909,964105,27
1910,964133,37
1911,964171,28
1912,964200,18
1913,964219,29
1914,964249,30
1915,964280,36
1916,964317,28
1917,964346,103
1918,964450,19
1919,964470,202
1920,964673,59
1921,964733,60
1922,964794,40
1923,964835,27
1924,964863,18
1925,964882,28
1926,964911,130
1927,965042,27
1928,965070,28
1929,965099,18
1930,965118,83
1931,965202,67
1932,965270,74
1933,965345,19
1934,965365,40
1935,965406,68
1936,965475,29
1937,965505,29
1938,965535,63
1939,965599,79
1940,965679,95
1941,965775,298
1942,966074,28
1943,966103,33
1944,966137,121
1945,966259,153
1946,966413,108
1947,966522,49
1948,966572,19
1949,966592,19
1950,966612,164
1951,966777,82
1952,966860,19
1953,966880,49
1954,966930,45
1955,966976,212
1956,967189,39
1957,967229,19
1958,967249,70
1959,967320,54
1960,967375,27
1961,967403,177
1962,967581,29
1963,967611,163
1964,967775,182
1965,967958,174
1966,968133,29
1967,968163,49
1968,968213,212
1969,968426,241
1970,968668,28
1971,968697,117
1972,968815,27
1973,968843,19
1974,968863,47
1975,968911,129
1976,969041,429
1977,969471,40
1978,969512,42
1979,969555,27
1980,969583,49
1981,969633,61
1982,969695,19
1983,969715,19
1984,969735,78
1985,969814,67
1986,969882,65
1987,969948,77
1988,970026,139
1989,970166,27
1990,970194,114
1991,970309,45
1992,970355,146
1993,970502,29
1994,970532,43
1995,970576,29
1996,970606,23
1997,970630,82
1998,970713,99
1999,970813,37
2000,970851,55
2001,970907,29
2002,970937,33
2003,970971,19
2004,970991,94
2005,971086,128
2006,971215,29
2007,971245,30
2008,971276,29
2009,971306,122
2010,971429,19
2011,971449,19
2012,971469,19
2013,971489,29
2014,971519,60
2015,971580,58
2016,971639,146
2017,971786,18
2018,971805,18
2019,971824,18
2020,971843,100
2021,971944,19
2022,971964,106
2023,972071,113
2024,972185,42
2025,972228,49
2026,972278,103
2027,972382,19
2028,972402,105
2029,972508,19
2030,972528,19
2031,972548,19
2032,972568,19
2033,972588,19
2034,972608,23
2035,972632,19
2036,972652,19
2037,972672,218
2038,972891,19
2039,972911,19
2040,972931,19
2041,972951,76
2042,973028,281
2043,973310,18
2044,973329,98
2045,973428,76
2046,973505,30
2047,973536,29
2048,973566,159
2049,973726,75
2050,973802,215
2051,974018,123
2052,974142,49
2053,974192,27
2054,974220,44
2055,974265,45
2056,974311,51
2057,974363,22
2058,974386,19
2059,974406,34
2060,974441,131
2061,974573,72
2062,974646,82
2063,974729,366
2064,975096,59
2065,975156,23
2066,975180,17
2067,975198,17
2068,975216,17
2069,975234,107
2070,975342,65
2071,975408,34
2072,975443,18
2073,975462,101
2074,975564,19
2075,975584,62
2076,975647,29
2077,975677,98
2078,975776,19
2079,975796,17
2080,975814,146
2081,975961,130
2082,976092,186
2083,976279,89
2084,976369,83
2085,976453,58
2086,976512,107
2087,976620,36
2088,976657,46
2089,976704,51
2090,976756,37
2091,976794,19
2092,976814,19
2093,976834,28
2094,976863,19
2095,976883,121
2096,977005,141
2097,977147,18
2098,977166,34
2099,977201,27
2100,977229,56
2101,977286,93
2102,977380,50
2103,977431,113
2104,977545,158
2105,977704,98
2106,977803,40
2107,977844,37
2108,977882,114
2109,977997,110
2110,978108,73
2111,978182,42
2112,978225,29
2113,978255,19
2114,978275,49
2115,978325,34
2116,978360,65
2117,978426,18
2118,978445,35
2119,978481,19
2120,978501,19
2121,978521,53
2122,978575,19
2123,978595,39
2124,978635,120
2125,978756,19
2126,978776,19
2127,978796,52
2128,978849,229
2129,979079,27
2130,979107,19
2131,979127,17
2132,979145,17
2133,979163,38
2134,979202,45
2135,979248,115
2136,979364,18
2137,979383,28
2138,979412,18
2139,979431,19
2140,979451,39
2141,979491,80
2142,979572,104
2143,979677,19
2144,979697,19
2145,979717,19
2146,979737,18
2147,979756,18
2148,979775,27
2149,979803,55
2150,979859,47
2151,979907,17
2152,979925,39
2153,979965,41
2154,980007,48
2155,980056,36
2156,980093,47
2157,980141,28
2158,980170,49
2159,980220,84
2160,980305,18
2161,980324,104
2162,980429,19
2163,980449,70
2164,980520,51
2165,980572,103
2166,980676,36
2167,980713,59
2168,980773,18
2169,980792,84
2170,980877,57
2171,980935,59
2172,980995,19
2173,981015,28
2174,981044,65
2175,981110,59
2176,981170,29
2177,981200,45
2178,981246,18
2179,981265,53
2180,981319,114
2181,981434,48
2182,981483,18
2183,981502,42
2184,981545,33
2185,981579,45
2186,981625,29
2187,981655,224
2188,981880,76
2189,981957,67
2190,982025,152
2191,982178,89
2192,982268,19
2193,982288,92
2194,982381,19
2195,982401,19
2196,982421,164
2197,982586,83
2198,982670,228
2199,982899,29
2200,982929,35
2201,982965,115
2202,983081,88
2203,983170,19
2204,983190,29
2205,983220,92
2206,983313,19
2207,983333,55
2208,983389,18
2209,983408,184
2210,983593,69
2211,983663,247
2212,983911,19
2213,983931,50
2214,983982,29
2215,984012,132
2216,984145,19
2217,984165,27
2218,984193,90
2219,984284,19
2220,984304,30
2221,984335,19
2222,984355,233
2223,984589,18
2224,984608,46
2225,984655,105
2226,984761,18
2227,984780,18
2228,984799,67
2229,984867,41
2230,984909,168
2231,985078,38
2232,985117,23
2233,985141,414
2234,985556,58
2235,985615,37
2236,985653,19
2237,985673,29
2238,985703,47
2239,985751,61
2240,985813,387
2241,986201,257
2242,986459,49
2243,986509,19
2244,986529,29
2245,986559,46
2246,986606,29
2247,986636,18
2248,986655,19
2249,986675,43
2250,986719,19
2251,986739,103
2252,986843,19
2253,986863,69
2254,986933,53
2255,986987,39
2256,987027,18
2257,987046,61
2258,987108,246
2259,987355,27
2260,987383,59
2261,987443,28
2262,987472,27
2263,987500,18
2264,987519,19
2265,987539,28
2266,987568,190
2267,987759,45
2268,987805,18
2269,987824,98
2270,987923,84
2271,988008,84
2272,988093,19
2273,988113,18
2274,988132,185
2275,988318,18
2276,988337,18
2277,988356,118
2278,988475,61
2279,988537,34
2280,988572,19
2281,988592,81
2282,988674,53
2283,988728,19
2284,988748,19
2285,988768,28
2286,988797,168
2287,988966,218
2288,989185,69
2289,989255,38
2290,989294,38
2291,989333,32
2292,989366,29
2293,989396,37
2294,989434,38
2295,989473,33
2296,989507,38
2297,989546,48
2298,989595,100
2299,989696,38
2300,989735,19
2301,989755,349
2302,990105,139
2303,990245,48
2304,990294,18
2305,990313,40
2306,990354,19
2307,990374,19
2308,990394,96
2309,990491,82
2310,990574,58
2311,990633,134
2312,990768,28
2313,990797,47
2314,990845,214
2315,991060,18
2316,991079,18
2317,991098,19
2318,991118,49
2319,991168,45
2320,991214,80
2321,991295,89
2322,991385,18
2323,991404,19
2324,991424,19
2325,991444,19
2326,991464,31
2327,991496,27
2328,991524,19
2329,991544,28
2330,991573,84
2331,991658,19
2332,991678,19
2333,991698,145
2334,991844,96
2335,991941,56
2336,991998,18
2337,992017,61
2338,992079,28
2339,992108,19
2340,992128,28
2341,992157,40
2342,992198,28
2343,992227,47
2344,992275,111
2345,992387,464
2346,992852,82
2347,992935,51
2348,992987,270
2349,993258,85
2350,993344,229
2351,993574,45
2352,993620,193
2353,993814,18
2354,993833,102
2355,993936,28
2356,993965,91
2357,994057,28
2358,994086,18
2359,994105,191
2360,994297,49
2361,994347,19
2362,994367,49
2363,994417,110
2364,994528,157
2365,994686,19
2366,994706,19
2367,994726,19
2368,994746,116
2369,994863,19
2370,994883,19
2371,994903,72
2372,994976,43
2373,995020,64
2374,995085,36
2375,995122,167
2376,995290,314
2377,995605,19
2378,995625,103
2379,995729,38
2380,995768,73
2381,995842,116
2382,995959,183
2383,996143,20
2384,996164,17
2385,996182,17
2386,996200,17
2387,996218,17
2388,996236,38
2389,996275,72
2390,996348,28
2391,996377,199
2392,996577,79
2393,996657,145
2394,996803,48
2395,996852,64
2396,996917,21
2397,996939,85
2398,997025,29
2399,997055,18
2400,997074,62
2401,997137,28
2402,997166,76
2403,997243,29
2404,997273,18
2405,997292,18
2406,997311,18
2407,997330,42
2408,997373,196
2409,997570,19
2410,997590,29
2411,997620,18
2412,997639,18
2413,997658,150
2414,997809,32
2415,997842,18
2416,997861,51
2417,997913,97
2418,998011,47
2419,998059,44
2420,998104,18
2421,998123,18
2422,998142,18
2423,998161,27
2424,998189,51
2425,998241,19
2426,998261,19
2427,998281,28
2428,998310,109
2429,998420,37
2430,998458,102
2431,998561,41
2432,998603,19
2433,998623,23
2434,998647,19
2435,998667,29
2436,998697,93
2437,998791,19
2438,998811,19
2439,998831,19
2440,998851,76
2441,998928,29
2442,998958,28
2443,998987,28
2444,999016,19
2445,999036,19
2446,999056,19
2447,999076,40
2448,999117,105
2449,999223,39
2450,999263,140
2451,999404,40
2452,999445,60
2453,999506,19
2454,999526,402
2455,999929,18
2456,999948,18
2457,999967,30
2458,999998,163
2459,1000162,19
2460,1000182,188
2461,1000371,43
2462,1000415,18
2463,1000434,28
2464,1000463,33
2465,1000497,27
2466,1000525,57
2467,1000583,29
2468,1000613,19
2469,1000633,67
2470,1000701,27
2471,1000729,27
2472,1000757,48
2473,1000806,86
2474,1000893,18
2475,1000912,83
2476,1000996,58
2477,1001055,77
2478,1001133,29
2479,1001163,28
2480,1001192,64
2481,1001257,23
2482,1001281,133
2483,1001415,19
2484,1001435,19
2485,1001455,18
2486,1001474,40
2487,1001515,139
2488,1001655,19
2489,1001675,106
2490,1001782,113
2491,1001896,23
2492,1001920,18
2493,1001939,24
2494,1001964,18
2495,1001983,18
2496,1002002,132
2497,1002135,18
2498,1002154,19
2499,1002174,28
2500,1002203,19
2501,1002223,23
2502,1002247,19
2503,1002267,28
2504,1002296,93
2505,1002390,19
2506,1002410,19
2507,1002430,38
2508,1002469,28
2509,1002498,27
2510,1002526,29
2511,1002556,87
2512,1002644,18
2513,1002663,29
2514,1002693,36
2515,1002730,18
2516,1002749,62
2517,1002812,50
2518,1002863,19
2519,1002883,30
2520,1002914,19
2521,1002934,19
2522,1002954,30
2523,1002985,66
2524,1003052,19
2525,1003072,33
2526,1003106,47
2527,1003154,19
2528,1003174,127
2529,1003302,95
2530,1003398,29
2531,1003428,21
2532,1003450,45
2533,1003496,23
2534,1003520,30
2535,1003551,130
2536,1003682,29
2537,1003712,19
2538,1003732,38
2539,1003771,89
2540,1003861,59
2541,1003921,19
2542,1003941,122
2543,1004064,39
2544,1004104,19
2545,1004124,19
2546,1004144,19
2547,1004164,19
2548,1004184,26
2549,1004211,119
2550,1004331,37
2551,1004369,18
2552,1004388,47
2553,1004436,47
2554,1004484,73
2555,1004558,28
2556,1004587,29
2557,1004617,23
2558,1004641,23
2559,1004665,19
2560,1004685,88
2561,1004774,72
2562,1004847,19
2563,1004867,243
2564,1005111,58
2565,1005170,42
2566,1005213,109
2567,1005323,40
2568,1005364,18
2569,1005383,18
2570,1005402,18
2571,1005421,18
2572,1005440,47
2573,1005488,19
2574,1005508,29
2575,1005538,21
2576,1005560,29
2577,1005590,26
2578,1005617,252
2579,1005870,58
2580,1005929,49
2581,1005979,127
2582,1006107,91
2583,1006199,19
2584,1006219,38
2585,1006258,40
2586,1006299,18
2587,1006318,21
2588,1006340,19
2589,1006360,19
2590,1006380,21
2591,1006402,78
2592,1006481,18
2593,1006500,21
2594,1006522,18
2595,1006541,18
2596,1006560,18
2597,1006579,19
2598,1006599,19
2599,1006619,19
2600,1006639,39
2601,1006679,39
2602,1006719,38
2603,1006758,156
2604,1006915,18
2605,1006934,29
2606,1006964,27
2607,1006992,18
2608,1007011,133
2609,1007145,51
2610,1007197,19
2611,1007217,73
2612,1007291,18
2613,1007310,28
2614,1007339,18
2615,1007358,21
2616,1007380,54
2617,1007435,39
2618,1007475,151
2619,1007627,57
2620,1007685,41
2621,1007727,27
2622,1007755,18
2623,1007774,181
2624,1007956,81
2625,1008038,19
2626,1008058,18
2627,1008077,48
2628,1008126,57
2629,1008184,19
2630,1008204,19
2631,1008224,18
2632,1008243,18
2633,1008262,31
2634,1008294,22
2635,1008317,22
2636,1008340,82
2637,1008423,19
2638,1008443,29
2639,1008473,38
2640,1008512,19
2641,1008532,29
2642,1008562,23
2643,1008586,50
2644,1008637,72
2645,1008710,19
2646,1008730,28
2647,1008759,49
2648,1008809,18
2649,1008828,18
2650,1008847,18
2651,1008866,19
2652,1008886,28
2653,1008915,71
2654,1008987,95
2655,1009083,139
2656,1009223,19
2657,1009243,75
2658,1009319,74
2659,1009394,29
2660,1009424,29
2661,1009454,18
2662,1009473,18
2663,1009492,19
2664,1009512,19
2665,1009532,18
2666,1009551,72
2667,1009624,30
2668,1009655,48
2669,1009704,133
2670,1009838,70
2671,1009909,57
2672,1009967,29
2673,1009997,19
2674,1010017,18
2675,1010036,18
2676,1010055,18
2677,1010074,18
2678,1010093,18
2679,1010112,54
2680,1010167,19
2681,1010187,44
2682,1010232,18
2683,1010251,28
2684,1010280,48
2685,1010329,47
2686,1010377,18
2687,1010396,18
2688,1010415,18
2689,1010434,18
2690,1010453,18
2691,1010472,18
2692,1010491,23
2693,1010515,30
2694,1010546,29
2695,1010576,42
2696,1010619,23
2697,1010643,19
2698,1010663,19
2699,1010683,20
2700,1010704,18
2701,1010723,18
2702,1010742,19
2703,1010762,19
2704,1010782,19
2705,1010802,34
2706,1010837,19
2707,1010857,91
2708,1010949,50
2709,1011000,52
2710,1011053,55
2711,1011109,17
2712,1011127,17
2713,1011145,17
2714,1011163,27
2715,1011191,17
2716,1011209,145
2717,1011355,101
2718,1011457,42
2719,1011500,49
2720,1011550,148
2721,1011699,110
2722,1011810,38
2723,1011849,18
2724,1011868,28
2725,1011897,18
2726,1011916,29
2727,1011946,28
2728,1011975,170
2729,1012146,32
2730,1012179,20
2731,1012200,71
2732,1012272,68
2733,1012341,19
2734,1012361,29
2735,1012391,27
2736,1012419,17
2737,1012437,17
2738,1012455,22
2739,1012478,18
2740,1012497,28
2741,1012526,18
2742,1012545,18
2743,1012564,18
2744,1012583,29
2745,1012613,18
2746,1012632,18
2747,1012651,18
2748,1012670,18
2749,1012689,28
2750,1012718,84
2751,1012803,18
2752,1012822,18
2753,1012841,100
2754,1012942,18
2755,1012961,18
2756,1012980,18
2757,1012999,18
2758,1013018,18
2759,1013037,18
2760,1013056,18
2761,1013075,18
2762,1013094,22
2763,1013117,18
2764,1013136,18
2765,1013155,18
2766,1013174,39
2767,1013214,18
2768,1013233,18
2769,1013252,18
2770,1013271,18
2771,1013290,19
2772,1013310,17
2773,1013328,31
2774,1013360,19
2775,1013380,77
2776,1013458,19
2777,1013478,19
2778,1013498,54
2779,1013553,20
2780,1013574,23
2781,1013598,30
2782,1013629,18
2783,1013648,18
2784,1013667,70
2785,1013738,39
2786,1013778,19
2787,1013798,31
2788,1013830,147
2789,1013978,18
2790,1013997,18
2791,1014016,28
2792,1014045,89
2793,1014135,56
2794,1014192,18
2795,1014211,29
2796,1014241,87
2797,1014329,34
2798,1014364,77
2799,1014442,50
2800,1014493,19
2801,1014513,19
2802,1014533,48
2803,1014582,21
2804,1014604,21
2805,1014626,28
2806,1014655,18
2807,1014674,27
2808,1014702,18
2809,1014721,28
2810,1014750,37
2811,1014788,58
2812,1014847,287
2813,1015135,18
2814,1015154,74
2815,1015229,81
2816,1015311,29
2817,1015341,19
2818,1015361,38
2819,1015400,19
2820,1015420,42
2821,1015463,18
2822,1015482,18
2823,1015501,27
2824,1015529,18
2825,1015548,18
2826,1015567,18
2827,1015586,18
2828,1015605,46
2829,1015652,18
2830,1015671,18
2831,1015690,18
2832,1015709,19
2833,1015729,38
2834,1015768,28
2835,1015797,55
2836,1015853,63
2837,1015917,44
2838,1015962,29
2839,1015992,18
2840,1016011,21
2841,1016033,27
2842,1016061,18
2843,1016080,23
2844,1016104,23
2845,1016128,19
2846,1016148,19
2847,1016168,38
2848,1016207,19
2849,1016227,39
2850,1016267,33
2851,1016301,30
2852,1016332,29
2853,1016362,19
2854,1016382,28
2855,1016411,48
2856,1016460,19
2857,1016480,23
2858,1016504,38
2859,1016543,66
2860,1016610,18
2861,1016629,58
2862,1016688,43
2863,1016732,31
2864,1016764,18
2865,1016783,19
2866,1016803,63
2867,1016867,18
2868,1016886,18
2869,1016905,23
2870,1016929,18
2871,1016948,35
2872,1016984,66
2873,1017051,18
2874,1017070,52
2875,1017123,37
2876,1017161,18
2877,1017180,18
2878,1017199,19
2879,1017219,46
2880,1017266,78
2881,1017345,46
2882,1017392,61
2883,1017454,49
2884,1017504,18
2885,1017523,61
2886,1017585,32
2887,1017618,18
2888,1017637,18
2889,1017656,21
2890,1017678,18
2891,1017697,18
2892,1017716,28
2893,1017745,19
2894,1017765,19
2895,1017785,27
2896,1017813,38
2897,1017852,484
2898,1018337,425
2899,1018763,45
2900,1018809,55
2901,1018865,76
2902,1018942,18
2903,1018961,18
2904,1018980,18
2905,1018999,46
2906,1019046,28
2907,1019075,18
2908,1019094,47
2909,1019142,85
2910,1019228,79
2911,1019308,39
2912,1019348,51
2913,1019400,28
2914,1019429,80
2915,1019510,18
2916,1019529,27
2917,1019557,96
2918,1019654,37
2919,1019692,23
2920,1019716,68
2921,1019785,58
2922,1019844,99
2923,1019944,18
2924,1019963,18
2925,1019982,18
2926,1020001,18
2927,1020020,18
2928,1020039,28
2929,1020068,50
2930,1020119,18
2931,1020138,18
2932,1020157,48
2933,1020206,80
2934,1020287,127
2935,1020415,18
2936,1020434,128
2937,1020563,89
2938,1020653,18
2939,1020672,18
2940,1020691,18
2941,1020710,18
2942,1020729,19
2943,1020749,59
2944,1020809,18
2945,1020828,17
2946,1020846,17
2947,1020864,39
2948,1020904,29
2949,1020934,20
2950,1020955,17
2951,1020973,17
2952,1020991,17
2953,1021009,18
2954,1021028,40
2955,1021069,27
2956,1021097,18
2957,1021116,18
2958,1021135,100
2959,1021236,18
2960,1021255,18
2961,1021274,20
2962,1021295,51
2963,1021347,18
2964,1021366,115
2965,1021482,18
2966,1021501,19
2967,1021521,62
2968,1021584,40
2969,1021625,19
2970,1021645,155
2971,1021801,18
2972,1021820,29
2973,1021850,18
2974,1021869,18
2975,1021888,18
2976,1021907,29
2977,1021937,18
2978,1021956,74
2979,1022031,91
2980,1022123,39
2981,1022163,23
2982,1022187,23
2983,1022211,19
2984,1022231,19
2985,1022251,78
2986,1022330,19
2987,1022350,19
2988,1022370,19
2989,1022390,28
2990,1022419,39
2991,1022459,28
2992,1022488,18
2993,1022507,78
2994,1022586,19
2995,1022606,17
2996,1022624,17
2997,1022642,17
2998,1022660,18
2999,1022679,18
3000,1022698,18
3001,1022717,29
3002,1022747,18
3003,1022766,39
3004,1022806,37
3005,1022844,89
3006,1022934,109
3007,1023044,18
3008,1023063,28
3009,1023092,18
3010,1023111,18
3011,1023130,149
3012,1023280,19
3013,1023300,19
3014,1023320,19
3015,1023340,21
3016,1023362,33
3017,1023396,94
3018,1023491,42
3019,1023534,41
3020,1023576,33
3021,1023610,49
3022,1023660,18
3023,1023679,18
3024,1023698,29
3025,1023728,40
3026,1023769,19
3027,1023789,19
3028,1023809,29
3029,1023839,19
3030,1023859,18
3031,1023878,18
3032,1023897,28
3033,1023926,28
3034,1023955,18
3035,1023974,18
3036,1023993,18
3037,1024012,18
3038,1024031,29
3039,1024061,29
3040,1024091,83
3041,1024175,49
3042,1024225,28
3043,1024254,35
3044,1024290,38
3045,1024329,18
3046,1024348,18
3047,1024367,18
3048,1024386,18
3049,1024405,57
3050,1024463,28
3051,1024492,18
3052,1024511,18
3053,1024530,18
3054,1024549,17
3055,1024567,23
3056,1024591,28
3057,1024620,29
3058,1024650,22
3059,1024673,80
3060,1024754,122
3061,1024877,34
3062,1024912,29
3063,1024942,58
3064,1025001,36
3065,1025038,102
3066,1025141,19
3067,1025161,27
3068,1025189,19
3069,1025209,18
3070,1025228,31
3071,1025260,32
3072,1025293,31
3073,1025325,28
3074,1025354,25
3075,1025380,18
3076,1025399,18
3077,1025418,19
3078,1025438,37
3079,1025476,19
3080,1025496,18
3081,1025515,41
3082,1025557,202
3083,1025760,39
3084,1025800,29
3085,1025830,28
3086,1025859,77
3087,1025937,26
3088,1025964,19
3089,1025984,17
3090,1026002,29
3091,1026032,18
3092,1026051,37
3093,1026089,30
3094,1026120,19
3095,1026140,49
3096,1026190,19
3097,1026210,18
3098,1026229,29
3099,1026259,19
3100,1026279,28
3101,1026308,19
3102,1026328,28
3103,1026357,18
3104,1026376,39
3105,1026416,18
3106,1026435,27
3107,1026463,18
3108,1026482,45
3109,1026528,88
3110,1026617,18
3111,1026636,18
3112,1026655,18
3113,1026674,42
3114,1026717,18
3115,1026736,37
3116,1026774,18
3117,1026793,91
3118,1026885,18
3119,1026904,48
3120,1026953,45
3121,1026999,18
3122,1027018,19
3123,1027038,316
3124,1027355,34
3125,1027390,22
3126,1027413,19
3127,1027433,70
3128,1027504,27
3129,1027532,18
3130,1027551,18
3131,1027570,59
3132,1027630,18
3133,1027649,38
3134,1027688,22
3135,1027711,35
3136,1027747,61
3137,1027809,19
3138,1027829,27
3139,1027857,21
3140,1027879,18
3141,1027898,47
3142,1027946,18
3143,1027965,38
3144,1028004,23
3145,1028028,19
3146,1028048,19
3147,1028068,19
3148,1028088,18
3149,1028107,30
3150,1028138,19
3151,1028158,19
3152,1028178,19
3153,1028198,18
3154,1028217,24
3155,1028242,18
3156,1028261,18
3157,1028280,18
3158,1028299,18
3159,1028318,18
3160,1028337,18
3161,1028356,18
3162,1028375,18
3163,1028394,30
3164,1028425,19
3165,1028445,238
3166,1028684,18
3167,1028703,20
3168,1028724,18
3169,1028743,19
3170,1028763,28
3171,1028792,52
3172,1028845,50
3173,1028896,154
3174,1029051,19
3175,1029071,41
3176,1029113,19
3177,1029133,18
3178,1029152,18
3179,1029171,18
3180,1029190,88
3181,1029279,19
3182,1029299,19
3183,1029319,19
3184,1029339,19
3185,1029359,19
3186,1029379,19
3187,1029399,49
3188,1029449,19
3189,1029469,19
3190,1029489,28
3191,1029518,27
3192,1029546,18
3193,1029565,19
3194,1029585,28
3195,1029614,28
3196,1029643,19
3197,1029663,29
3198,1029693,19
3199,1029713,19
3200,1029733,68
3201,1029802,19
3202,1029822,19
3203,1029842,19
3204,1029862,19
3205,1029882,37
3206,1029920,43
3207,1029964,45
3208,1030010,24
3209,1030035,37
3210,1030073,37
3211,1030111,91
3212,1030203,28
3213,1030232,160
3214,1030393,18
3215,1030412,19
3216,1030432,19
3217,1030452,19
3218,1030472,123
3219,1030596,19
3220,1030616,29
3221,1030646,27
3222,1030674,19
3223,1030694,41
3224,1030736,19
3225,1030756,19
3226,1030776,29
3227,1030806,19
3228,1030826,19
3229,1030846,19
3230,1030866,29
3231,1030896,18
3232,1030915,18
3233,1030934,28
3234,1030963,18
3235,1030982,18
3236,1031001,18
3237,1031020,36
3238,1031057,26
3239,1031084,18
3240,1031103,31
3241,1031135,19
3242,1031155,39
3243,1031195,18
3244,1031214,28
3245,1031243,18
3246,1031262,40
3247,1031303,36
3248,1031340,18
3249,1031359,90
3250,1031450,18
3251,1031469,46
3252,1031516,34
3253,1031551,18
3254,1031570,18
3255,1031589,19
3256,1031609,63
3257,1031673,21
3258,1031695,67
3259,1031763,66
3260,1031830,29
3261,1031860,21
3262,1031882,33
3263,1031916,56
3264,1031973,58
3265,1032032,18
3266,1032051,44
3267,1032096,18
3268,1032115,19
3269,1032135,19
3270,1032155,17
3271,1032173,41
3272,1032215,18
3273,1032234,58
3274,1032293,22
3275,1032316,29
3276,1032346,18
3277,1032365,23
3278,1032389,21
3279,1032411,21
3280,1032433,18
3281,1032452,18
3282,1032471,19
3283,1032491,18
3284,1032510,34
3285,1032545,19
3286,1032565,23
3287,1032589,19
3288,1032609,28
3289,1032638,27
3290,1032666,19
3291,1032686,29
3292,1032716,19
3293,1032736,38
3294,1032775,19
3295,1032795,39
3296,1032835,31
3297,1032867,29
3298,1032897,39
3299,1032937,18
3300,1032956,19
3301,1032976,27
3302,1033004,18
3303,1033023,71
3304,1033095,18
3305,1033114,66
3306,1033181,18
3307,1033200,57
3308,1033258,36
3309,1033295,39
3310,1033335,66
3311,1033402,19
3312,1033422,27
3313,1033450,23
3314,1033474,23
3315,1033498,20
3316,1033519,18
3317,1033538,18
3318,1033557,41
3319,1033599,20
3320,1033620,45
3321,1033666,19
3322,1033686,50
3323,1033737,85
3324,1033823,18
3325,1033842,37
3326,1033880,23
3327,1033904,22
3328,1033927,46
3329,1033974,21
3330,1033996,152
3331,1034149,18
3332,1034168,18
3333,1034187,19
3334,1034207,51
3335,1034259,71
3336,1034331,17
3337,1034349,17
3338,1034367,603
3339,1034971,17
3340,1034989,23
3341,1035013,28
3342,1035042,19
3343,1035062,20
3344,1035083,18
3345,1035102,18
3346,1035121,28
3347,1035150,18
3348,1035169,18
3349,1035188,21
3350,1035210,17
3351,1035228,21
3352,1035250,32
3353,1035283,75
3354,1035359,28
3355,1035388,19
3356,1035408,18
3357,1035427,72
3358,1035500,29
3359,1035530,28
3360,1035559,18
3361,1035578,18
3362,1035597,27
3363,1035625,64
3364,1035690,48
3365,1035739,19
3366,1035759,56
3367,1035816,18
3368,1035835,28
3369,1035864,47
3370,1035912,34
3371,1035947,18
3372,1035966,18
3373,1035985,18
3374,1036004,34
3375,1036039,27
3376,1036067,18
3377,1036086,19
3378,1036106,19
3379,1036126,19
3380,1036146,17
3381,1036164,17
3382,1036182,27
3383,1036210,25
3384,1036236,32
3385,1036269,46
3386,1036316,27
3387,1036344,58
3388,1036403,27
3389,1036431,18
3390,1036450,18
3391,1036469,50
3392,1036520,19
3393,1036540,55
3394,1036596,22
3395,1036619,47
3396,1036667,19
3397,1036687,18
3398,1036706,18
3399,1036725,18
3400,1036744,19
3401,1036764,19
3402,1036784,29
3403,1036814,18
3404,1036833,56
3405,1036890,18
3406,1036909,50
3407,1036960,72
3408,1037033,49
3409,1037083,98
3410,1037182,19
3411,1037202,70
3412,1037273,18
3413,1037292,18
3414,1037311,18
3415,1037330,66
3416,1037397,49
3417,1037447,19
3418,1037467,81
3419,1037549,18
3420,1037568,18
3421,1037587,28
3422,1037616,28
3423,1037645,32
3424,1037678,18
3425,1037697,18
3426,1037716,63
3427,1037780,19
3428,1037800,19
3429,1037820,19
3430,1037840,45
3431,1037886,28
3432,1037915,53
3433,1037969,18
3434,1037988,18
3435,1038007,18
3436,1038026,18
3437,1038045,18
3438,1038064,18
3439,1038083,23
3440,1038107,19
3441,1038127,19
3442,1038147,19
3443,1038167,19
3444,1038187,19
3445,1038207,29
3446,1038237,19
3447,1038257,18
3448,1038276,18
3449,1038295,18
3450,1038314,18
3451,1038333,18
3452,1038352,19
3453,1038372,18
3454,1038391,57
3455,1038449,18
3456,1038468,18
3457,1038487,19
3458,1038507,27
3459,1038535,18
3460,1038554,18
3461,1038573,18
3462,1038592,48
3463,1038641,18
3464,1038660,18
3465,1038679,33
3466,1038713,19
3467,1038733,19
3468,1038753,28
3469,1038782,29
3470,1038812,19
3471,1038832,19
3472,1038852,19
3473,1038872,19
3474,1038892,19
3475,1038912,19
3476,1038932,19
3477,1038952,18
3478,1038971,18
3479,1038990,37
3480,1039028,18
3481,1039047,18
3482,1039066,37
3483,1039104,38
3484,1039143,43
3485,1039187,91
3486,1039279,18
3487,1039298,27
3488,1039326,18
3489,1039345,18
3490,1039364,22
3491,1039387,18
3492,1039406,22
3493,1039429,27
3494,1039457,44
3495,1039502,42
3496,1039545,43
3497,1039589,19
3498,1039609,28
3499,1039638,19
3500,1039658,19
3501,1039678,29
3502,1039708,19
3503,1039728,19
3504,1039748,19
3505,1039768,19
3506,1039788,23
3507,1039812,35
3508,1039848,21
3509,1039870,18
3510,1039889,18
3511,1039908,38
3512,1039947,18
3513,1039966,18
3514,1039985,18
3515,1040004,18
3516,1040023,18
3517,1040042,19
3518,1040062,19
3519,1040082,19
3520,1040102,32
3521,1040135,19
3522,1040155,19
3523,1040175,29
3524,1040205,27
3525,1040233,18
3526,1040252,18
3527,1040271,18
3528,1040290,18
3529,1040309,18
3530,1040328,18
3531,1040347,18
3532,1040366,18
3533,1040385,19
3534,1040405,33
3535,1040439,93
3536,1040533,83
3537,1040617,23
3538,1040641,18
3539,1040660,18
3540,1040679,38
3541,1040718,19
3542,1040738,19
3543,1040758,29
3544,1040788,28
3545,1040817,18
3546,1040836,19
3547,1040856,18
3548,1040875,18
3549,1040894,18
3550,1040913,18
3551,1040932,75
3552,1041008,18
3553,1041027,46
3554,1041074,18
3555,1041093,32
3556,1041126,18
3557,1041145,28
3558,1041174,64
3559,1041239,43
3560,1041283,19
3561,1041303,48
3562,1041352,55
3563,1041408,48
3564,1041457,28
3565,1041486,73
3566,1041560,18
3567,1041579,18
3568,1041598,21
3569,1041620,38
3570,1041659,19
3571,1041679,23
3572,1041703,19
3573,1041723,23
3574,1041747,30
3575,1041778,19
3576,1041798,23
3577,1041822,19
3578,1041842,19
3579,1041862,29
3580,1041892,158
3581,1042051,53
3582,1042105,61
3583,1042167,30
3584,1042198,18
3585,1042217,18
3586,1042236,77
3587,1042314,80
3588,1042395,19
3589,1042415,19
3590,1042435,19
3591,1042455,18
3592,1042474,57
3593,1042532,28
3594,1042561,19
3595,1042581,29
3596,1042611,80
3597,1042692,18
3598,1042711,18
3599,1042730,18
3600,1042749,18
3601,1042768,29
3602,1042798,29
3603,1042828,67
3604,1042896,18
3605,1042915,18
3606,1042934,27
3607,1042962,28
3608,1042991,49
3609,1043041,28
3610,1043070,29
3611,1043100,18
3612,1043119,21
3613,1043141,22
3614,1043164,22
3615,1043187,22
3616,1043210,22
3617,1043233,29
3618,1043263,19
3619,1043283,49
3620,1043333,47
3621,1043381,57
3622,1043439,37
3623,1043477,18
3624,1043496,18
3625,1043515,18
3626,1043534,18
3627,1043553,18
3628,1043572,18
3629,1043591,19
3630,1043611,18
3631,1043630,19
3632,1043650,18
3633,1043669,18
3634,1043688,19
3635,1043708,18
3636,1043727,19
3637,1043747,50
3638,1043798,19
3639,1043818,41
3640,1043860,30
3641,1043891,19
3642,1043911,18
3643,1043930,18
3644,1043949,18
3645,1043968,18
3646,1043987,18
3647,1044006,18
3648,1044025,18
3649,1044044,22
3650,1044067,18
3651,1044086,18
3652,1044105,28
3653,1044134,39
3654,1044174,19
3655,1044194,29
3656,1044224,29
3657,1044254,18
3658,1044273,18
3659,1044292,30
3660,1044323,18
3661,1044342,18
3662,1044361,19
3663,1044381,18
3664,1044400,18
3665,1044419,28
3666,1044448,40
3667,1044489,19
3668,1044509,19
3669,1044529,19
3670,1044549,76
3671,1044626,40
3672,1044667,19
3673,1044687,45
3674,1044733,19
3675,1044753,53
3676,1044807,18
3677,1044826,18
3678,1044845,18
3679,1044864,36
3680,1044901,37
3681,1044939,19
3682,1044959,19
3683,1044979,19
3684,1044999,19
3685,1045019,19
3686,1045039,19
3687,1045059,19
3688,1045079,22
3689,1045102,18
3690,1045121,18
3691,1045140,19
3692,1045160,19
3693,1045180,23
3694,1045204,51
3695,1045256,19
3696,1045276,19
3697,1045296,40
3698,1045337,31
3699,1045369,32
3700,1045402,18
3701,1045421,18
3702,1045440,18
3703,1045459,18
3704,1045478,37
3705,1045516,49
3706,1045566,18
3707,1045585,28
3708,1045614,18
3709,1045633,26
3710,1045660,28
3711,1045689,18
3712,1045708,29
3713,1045738,19
3714,1045758,17
3715,1045776,17
3716,1045794,85
3717,1045880,41
3718,1045922,17
3719,1045940,17
3720,1045958,18
3721,1045977,18
3722,1045996,18
3723,1046015,18
3724,1046034,20
3725,1046055,54
3726,1046110,29
3727,1046140,28
3728,1046169,45
3729,1046215,18
3730,1046234,19
3731,1046254,94
3732,1046349,33
3733,1046383,19
3734,1046403,19
3735,1046423,19
3736,1046443,57
3737,1046501,36
3738,1046538,19
3739,1046558,19
3740,1046578,19
3741,1046598,19
3742,1046618,30
3743,1046649,28
3744,1046678,19
3745,1046698,19
3746,1046718,28
3747,1046747,19
3748,1046767,29
3749,1046797,88
3750,1046886,48
3751,1046935,18
3752,1046954,18
3753,1046973,19
3754,1046993,28
3755,1047022,18
3756,1047041,112
3757,1047154,18
3758,1047173,18
3759,1047192,18
3760,1047211,19
3761,1047231,19
3762,1047251,20
3763,1047272,44
3764,1047317,69
3765,1047387,18
3766,1047406,66
3767,1047473,28
3768,1047502,124
3769,1047627,28
3770,1047656,31
3771,1047688,28
3772,1047717,28
3773,1047746,72
3774,1047819,47
3775,1047867,40
3776,1047908,18
3777,1047927,19
3778,1047947,19
3779,1047967,29
3780,1047997,53
3781,1048051,19
3782,1048071,19
3783,1048091,33
3784,1048125,18
3785,1048144,21
3786,1048166,29
3787,1048196,30
3788,1048227,22
3789,1048250,19
3790,1048270,24
3791,1048295,68
3792,1048364,54
3793,1048419,24
3794,1048444,29
3795,1048474,19
3796,1048494,19
3797,1048514,34
3798,1048549,18
3799,1048568,146
3800,1048715,22
3801,1048738,23
3802,1048762,19
3803,1048782,23
3804,1048806,25
3805,1048832,18
3806,1048851,18
3807,1048870,18
3808,1048889,27
3809,1048917,18
3810,1048936,18
3811,1048955,18
3812,1048974,18
3813,1048993,19
3814,1049013,19
3815,1049033,19
3816,1049053,19
3817,1049073,18
3818,1049092,18
3819,1049111,42
3820,1049154,19
3821,1049174,205
3822,1049380,33
3823,1049414,19
3824,1049434,28
3825,1049463,46
3826,1049510,19
3827,1049530,28
3828,1049559,96
3829,1049656,23
3830,1049680,19
3831,1049700,39
3832,1049740,29
3833,1049770,122
3834,1049893,19
3835,1049913,29
3836,1049943,19
3837,1049963,54
3838,1050018,131
3839,1050150,18
3840,1050169,18
3841,1050188,27
3842,1050216,19
3843,1050236,19
3844,1050256,18
3845,1050275,18
3846,1050294,62
3847,1050357,67
3848,1050425,18
3849,1050444,52
3850,1050497,18
3851,1050516,18
3852,1050535,173
3853,1050709,212
3854,1050922,19
3855,1050942,18
3856,1050961,18
3857,1050980,18
3858,1050999,18
3859,1051018,19
3860,1051038,46
3861,1051085,19
3862,1051105,18
3863,1051124,19
3864,1051144,19
3865,1051164,38
3866,1051203,72
3867,1051276,31
3868,1051308,18
3869,1051327,18
3870,1051346,29
3871,1051376,19
3872,1051396,18
3873,1051415,18
3874,1051434,18
3875,1051453,24
3876,1051478,19
3877,1051498,19
3878,1051518,19
3879,1051538,39
3880,1051578,233
3881,1051812,65
3882,1051878,19
3883,1051898,19
3884,1051918,47
3885,1051966,18
3886,1051985,18
3887,1052004,37
3888,1052042,19
3889,1052062,66
3890,1052129,294
3891,1052424,19
3892,1052444,86
3893,1052531,18
3894,1052550,19
3895,1052570,19
3896,1052590,70
3897,1052661,40
3898,1052702,18
3899,1052721,165
3900,1052887,19
3901,1052907,19
3902,1052927,19
3903,1052947,19
3904,1052967,29
3905,1052997,19
3906,1053017,19
3907,1053037,20
3908,1053058,19
3909,1053078,19
3910,1053098,22
3911,1053121,23
3912,1053145,19
3913,1053165,18
3914,1053184,65
3915,1053250,19
3916,1053270,57
3917,1053328,19
3918,1053348,24
3919,1053373,18
3920,1053392,28
3921,1053421,18
3922,1053440,19
3923,1053460,230
3924,1053691,41
3925,1053733,34
3926,1053768,18
3927,1053787,27
3928,1053815,19
3929,1053835,134
3930,1053970,17
3931,1053988,28
3932,1054017,19
3933,1054037,46
3934,1054084,52
3935,1054137,19
3936,1054157,19
3937,1054177,19
3938,1054197,180
3939,1054378,40
3940,1054419,19
3941,1054439,48
3942,1054488,19
3943,1054508,16
3944,1054525,35
3945,1054561,18
3946,1054580,28
3947,1054609,30
3948,1054640,18
3949,1054659,18
3950,1054678,33
3951,1054712,83
3952,1054796,18
3953,1054815,25
3954,1054841,18
3955,1054860,18
3956,1054879,29
3957,1054909,42
3958,1054952,91
3959,1055044,19
3960,1055064,19
3961,1055084,19
3962,1055104,19
3963,1055124,19
3964,1055144,23
3965,1055168,53
3966,1055222,27
3967,1055250,19
3968,1055270,18
3969,1055289,18
3970,1055308,18
3971,1055327,29
3972,1055357,18
3973,1055376,19
3974,1055396,24
3975,1055421,27
3976,1055449,40
3977,1055490,40
3978,1055531,19
3979,1055551,19
3980,1055571,32
3981,1055604,19
3982,1055624,19
3983,1055644,29
3984,1055674,29
3985,1055704,19
3986,1055724,19
3987,1055744,29
3988,1055774,19
3989,1055794,19
3990,1055814,19
3991,1055834,19
3992,1055854,19
3993,1055874,18
3994,1055893,29
3995,1055923,19
3996,1055943,18
3997,1055962,28
3998,1055991,29
3999,1056021,18
4000,1056040,18
4001,1056059,19
4002,1056079,19
4003,1056099,19
4004,1056119,40
4005,1056160,28
4006,1056189,19
4007,1056209,19
4008,1056229,19
4009,1056249,19
4010,1056269,30
4011,1056300,19
4012,1056320,54
4013,1056375,19
4014,1056395,27
4015,1056423,27
4016,1056451,27
4017,1056479,20
4018,1056500,18
4019,1056519,50
4020,1056570,20
4021,1056591,20
4022,1056612,20
4023,1056633,26
4024,1056660,18
4025,1056679,18
4026,1056698,18
4027,1056717,32
4028,1056750,19
4029,1056770,19
4030,1056790,28
4031,1056819,19
4032,1056839,19
4033,1056859,19
4034,1056879,19
4035,1056899,29
4036,1056929,54
4037,1056984,50
4038,1057035,18
4039,1057054,18
4040,1057073,18
4041,1057092,18
4042,1057111,18
4043,1057130,19
4044,1057150,19
4045,1057170,19
4046,1057190,19
4047,1057210,28
4048,1057239,19
4049,1057259,19
4050,1057279,29
4051,1057309,47
4052,1057357,59
4053,1057417,23
4054,1057441,18
4055,1057460,18
4056,1057479,18
4057,1057498,33
4058,1057532,19
4059,1057552,19
4060,1057572,59
4061,1057632,29
4062,1057662,19
4063,1057682,18
4064,1057701,20
4065,1057722,20
4066,1057743,19
4067,1057763,19
4068,1057783,41
4069,1057825,19
4070,1057845,19
4071,1057865,17
4072,1057883,37
4073,1057921,18
4074,1057940,18
4075,1057959,32
4076,1057992,18
4077,1058011,18
4078,1058030,18
4079,1058049,64
4080,1058114,18
4081,1058133,18
4082,1058152,21
4083,1058174,19
4084,1058194,23
4085,1058218,30
4086,1058249,19
4087,1058269,18
4088,1058288,18
4089,1058307,19
4090,1058327,38
4091,1058366,27
4092,1058394,39
4093,1058434,19
4094,1058454,19
4095,1058474,43
4096,1058518,38
4097,1058557,41
4098,1058599,17
4099,1058617,19
4100,1058637,18
4101,1058656,19
4102,1058676,18
4103,1058695,18
4104,1058714,29
4105,1058744,19
4106,1058764,29
4107,1058794,18
4108,1058813,18
4109,1058832,18
4110,1058851,18
4111,1058870,18
4112,1058889,19
4113,1058909,17
4114,1058927,18
4115,1058946,19
4116,1058966,34
4117,1059001,41
4118,1059043,32
4119,1059076,61
4120,1059138,43
4121,1059182,61
4122,1059244,18
4123,1059263,59
4124,1059323,27
4125,1059351,59
4126,1059411,29
4127,1059441,41
4128,1059483,38
4129,1059522,48
4130,1059571,35
4131,1059607,19
4132,1059627,17
4133,1059645,36
4134,1059682,18
4135,1059701,19
4136,1059721,16
4137,1059738,32
4138,1059771,18
4139,1059790,18
4140,1059809,18
4141,1059828,32
4142,1059861,18
4143,1059880,18
4144,1059899,18
4145,1059918,19
4146,1059938,29
4147,1059968,29
4148,1059998,21
4149,1060020,18
4150,1060039,23
4151,1060063,19
4152,1060083,18
4153,1060102,18
4154,1060121,19
4155,1060141,53
4156,1060195,19
4157,1060215,23
4158,1060239,39
4159,1060279,38
4160,1060318,18
4161,1060337,18
4162,1060356,19
4163,1060376,28
4164,1060405,18
4165,1060424,19
4166,1060444,18
4167,1060463,18
4168,1060482,29
4169,1060512,26
4170,1060539,18
4171,1060558,18
4172,1060577,19
4173,1060597,18
4174,1060616,18
4175,1060635,19
4176,1060655,28
4177,1060684,40
4178,1060725,19
4179,1060745,17
4180,1060763,18
4181,1060782,18
4182,1060801,18
4183,1060820,18
4184,1060839,18
4185,1060858,18
4186,1060877,18
4187,1060896,18
4188,1060915,18
4189,1060934,17
4190,1060952,17
4191,1060970,18
4192,1060989,29
4193,1061019,18
4194,1061038,26
4195,1061065,18
4196,1061084,18
4197,1061103,18
4198,1061122,19
4199,1061142,58
4200,1061201,35
4201,1061237,31
4202,1061269,18
4203,1061288,19
4204,1061308,19
4205,1061328,18
4206,1061347,18
4207,1061366,29
4208,1061396,18
4209,1061415,29
4210,1061445,18
4211,1061464,21
4212,1061486,19
4213,1061506,19
4214,1061526,18
4215,1061545,18
4216,1061564,18
4217,1061583,32
4218,1061616,39
4219,1061656,19
4220,1061676,19
4221,1061696,19
4222,1061716,19
4223,1061736,19
4224,1061756,18
4225,1061775,17
4226,1061793,18
4227,1061812,28
4228,1061841,28
4229,1061870,44
4230,1061915,18
4231,1061934,18
4232,1061953,23
4233,1061977,19
4234,1061997,19
4235,1062017,19
4236,1062037,18
4237,1062056,18
4238,1062075,18
4239,1062094,18
4240,1062113,18
4241,1062132,28
4242,1062161,18
4243,1062180,19
4244,1062200,19
4245,1062220,19
4246,1062240,22
4247,1062263,18
4248,1062282,28
4249,1062311,18
4250,1062330,18
4251,1062349,18
4252,1062368,18
4253,1062387,28
4254,1062416,18
4255,1062435,19
4256,1062455,19
4257,1062475,39
4258,1062515,20
4259,1062536,17
4260,1062554,18
4261,1062573,18
4262,1062592,18
4263,1062611,19
4264,1062631,28
4265,1062660,18
4266,1062679,18
4267,1062698,18
4268,1062717,18
4269,1062736,18
4270,1062755,23
4271,1062779,18
4272,1062798,18
4273,1062817,18
4274,1062836,22
4275,1062859,19
4276,1062879,19
4277,1062899,19
4278,1062919,29
4279,1062949,18
4280,1062968,20
4281,1062989,20
4282,1063010,18
4283,1063029,18
4284,1063048,29
4285,1063078,19
4286,1063098,18
4287,1063117,19
4288,1063137,51
4289,1063189,92
4290,1063282,55
4291,1063338,17
4292,1063356,18
4293,1063375,18
4294,1063394,29
4295,1063424,54
4296,1063479,19
4297,1063499,20
4298,1063520,18
4299,1063539,37
4300,1063577,19
4301,1063597,16
4302,1063614,16
4303,1063631,18
4304,1063650,28
4305,1063679,32
4306,1063712,17
4307,1063730,17
4308,1063748,17
4309,1063766,45
4310,1063812,20
4311,1063833,30
4312,1063864,18
4313,1063883,28
4314,1063912,29
4315,1063942,28
4316,1063971,22
4317,1063994,18
4318,1064013,19
4319,1064033,19
4320,1064053,19
4321,1064073,29
4322,1064103,19
4323,1064123,19
4324,1064143,19
4325,1064163,19
4326,1064183,21
4327,1064205,18
4328,1064224,32
4329,1064257,19
4330,1064277,21
4331,1064299,18
4332,1064318,18
4333,1064337,53
4334,1064391,29
4335,1064421,18
4336,1064440,19
4337,1064460,19
4338,1064480,21
4339,1064502,18
4340,1064521,19
4341,1064541,30
4342,1064572,18
4343,1064591,18
4344,1064610,18
4345,1064629,19
4346,1064649,19
4347,1064669,23
4348,1064693,19
4349,1064713,19
4350,1064733,20
4351,1064754,19
4352,1064774,19
4353,1064794,29
4354,1064824,18
4355,1064843,18
4356,1064862,19
4357,1064882,44
4358,1064927,19
4359,1064947,18
4360,1064966,18
4361,1064985,74
4362,1065060,29
4363,1065090,18
4364,1065109,19
4365,1065129,35
4366,1065165,31
4367,1065197,27
4368,1065225,17
4369,1065243,17
4370,1065261,17
4371,1065279,17
4372,1065297,17
4373,1065315,17
4374,1065333,17
4375,1065351,17
4376,1065369,17
4377,1065387,21
4378,1065409,18
4379,1065428,30
4380,1065459,18
4381,1065478,43
4382,1065522,18
4383,1065541,24
4384,1065566,19
4385,1065586,30
4386,1065617,19
4387,1065637,19
4388,1065657,19
4389,1065677,49
4390,1065727,24
4391,1065752,21
4392,1065774,19
4393,1065794,30
4394,1065825,20
4395,1065846,18
4396,1065865,18
4397,1065884,39
4398,1065924,20
4399,1065945,49
4400,1065995,18
4401,1066014,23
4402,1066038,19
4403,1066058,19
4404,1066078,19
4405,1066098,39
4406,1066138,19
4407,1066158,19
4408,1066178,40
4409,1066219,31
4410,1066251,19
4411,1066271,19
4412,1066291,19
4413,1066311,19
4414,1066331,20
4415,1066352,23
4416,1066376,19
4417,1066396,19
4418,1066416,19
4419,1066436,19
4420,1066456,19
4421,1066476,19
4422,1066496,19
4423,1066516,19
4424,1066536,19
4425,1066556,19
4426,1066576,19
4427,1066596,29
4428,1066626,19
4429,1066646,19
4430,1066666,40
4431,1066707,29
4432,1066737,19
4433,1066757,19
4434,1066777,30
4435,1066808,20
4436,1066829,19
4437,1066849,29
4438,1066879,19
4439,1066899,29
4440,1066929,20
4441,1066950,19
4442,1066970,20
4443,1066991,20
4444,1067012,29
4445,1067042,29
4446,1067072,19
4447,1067092,29
4448,1067122,19
4449,1067142,19
4450,1067162,35
4451,1067198,27
4452,1067226,65
4453,1067292,20
4454,1067313,20
4455,1067334,20
4456,1067355,19
4457,1067375,30
4458,1067406,20
4459,1067427,22
4460,1067450,29
4461,1067480,29
4462,1067510,23
4463,1067534,19
4464,1067554,19
4465,1067574,25
4466,1067600,19
4467,1067620,19
4468,1067640,20
4469,1067661,31
4470,1067693,20
4471,1067714,20
4472,1067735,20
4473,1067756,19
4474,1067776,30
4475,1067807,22
4476,1067830,19
4477,1067850,19
4478,1067870,19
4479,1067890,30
4480,1067921,19
4481,1067941,20
4482,1067962,20
4483,1067983,20
4484,1068004,20
4485,1068025,19
4486,1068045,31
4487,1068077,19
4488,1068097,19
4489,1068117,20
4490,1068138,41
4491,1068180,20
4492,1068201,20
4493,1068222,20
4494,1068243,24
4495,1068268,20
4496,1068289,20
4497,1068310,24
4498,1068335,30
4499,1068366,19
4500,1068386,193
4501,1068580,22
4502,1068603,19
4503,1068623,19
4504,1068643,36
4505,1068680,19
4506,1068700,20
4507,1068721,22
4508,1068744,30
4509,1068775,20
4510,1068796,24
4511,1068821,20
4512,1068842,20
4513,1068863,20
4514,1068884,30
4515,1068915,19
4516,1068935,65
4517,1069001,70
4518,1069072,19
4519,1069092,92
4520,1069185,32
4521,1069218,20
4522,1069239,20
4523,1069260,20
4524,1069281,20
4525,1069302,20
4526,1069323,20
4527,1069344,22
4528,1069367,19
4529,1069387,19
4530,1069407,20
4531,1069428,20
4532,1069449,22
4533,1069472,19
4534,1069492,20
4535,1069513,20
4536,1069534,19
4537,1069554,19
4538,1069574,19
4539,1069594,19
4540,1069614,20
4541,1069635,20
4542,1069656,24
4543,1069681,20
4544,1069702,22
4545,1069725,35
4546,1069761,19
4547,1069781,19
4548,1069801,19
4549,1069821,20
4550,1069842,20
4551,1069863,30
4552,1069894,25
4553,1069920,30
4554,1069951,19
4555,1069971,28
4556,1070000,39
4557,1070040,30
4558,1070071,29
4559,1070101,19
4560,1070121,29
4561,1070151,29
4562,1070181,29
4563,1070211,29
4564,1070241,59
4565,1070301,29
4566,1070331,20
4567,1070352,51
4568,1070404,20
4569,1070425,19
4570,1070445,19
4571,1070465,19
4572,1070485,19
4573,1070505,19
4574,1070525,20
4575,1070546,20
4576,1070567,19
4577,1070587,19
4578,1070607,19
4579,1070627,19
4580,1070647,35
4581,1070683,19
4582,1070703,22
4583,1070726,19
4584,1070746,20
4585,1070767,20
4586,1070788,19
4587,1070808,34
4588,1070843,19
4589,1070863,37
4590,1070901,19
4591,1070921,31
4592,1070953,22
4593,1070976,22
4594,1070999,19
4595,1071019,20
4596,1071040,20
4597,1071061,19
4598,1071081,19
4599,1071101,19
4600,1071121,20
4601,1071142,45
4602,1071188,22
4603,1071211,20
4604,1071232,19
4605,1071252,20
4606,1071273,20
4607,1071294,20
4608,1071315,20
4609,1071336,31
4610,1071368,19
4611,1071388,19
4612,1071408,19
4613,1071428,30
4614,1071459,19
4615,1071479,19
4616,1071499,19
4617,1071519,19
4618,1071539,19
4619,1071559,19
4620,1071579,19
4621,1071599,20
4622,1071620,31
4623,1071652,20
4624,1071673,21
4625,1071695,21
4626,1071717,20
4627,1071738,22
4628,1071761,29
4629,1071791,19
4630,1071811,19
4631,1071831,34
4632,1071866,21
4633,1071888,19
4634,1071908,29
4635,1071938,19
4636,1071958,20
4637,1071979,20
4638,1072000,31
4639,1072032,20
4640,1072053,19
4641,1072073,38
4642,1072112,20
4643,1072133,24
4644,1072158,19
4645,1072178,20
4646,1072199,20
4647,1072220,20
4648,1072241,20
4649,1072262,20
4650,1072283,19
4651,1072303,19
4652,1072323,19
4653,1072343,20
4654,1072364,20
4655,1072385,19
4656,1072405,20
4657,1072426,34
4658,1072461,19
4659,1072481,72
4660,1072554,70
4661,1072625,20
4662,1072646,30
4663,1072677,62
4664,1072740,20
4665,1072761,20
4666,1072782,20
4667,1072803,20
4668,1072824,31
4669,1072856,31
4670,1072888,20
4671,1072909,24
4672,1072934,42
4673,1072977,69
4674,1073047,23
4675,1073071,20
4676,1073092,20
4677,1073113,20
4678,1073134,24
4679,1073159,25
4680,1073185,19
4681,1073205,20
4682,1073226,19
4683,1073246,19
4684,1073266,20
4685,1073287,20
4686,1073308,42
4687,1073351,19
4688,1073371,20
4689,1073392,31
4690,1073424,20
4691,1073445,60
4692,1073506,22
4693,1073529,19
4694,1073549,20
4695,1073570,36
4696,1073607,20
4697,1073628,20
4698,1073649,34
4699,1073684,39
4700,1073724,20
4701,1073745,20
4702,1073766,19
4703,1073786,19
4704,1073806,19
4705,1073826,20
4706,1073847,31
4707,1073879,20
4708,1073900,21
4709,1073922,21
4710,1073944,19
4711,1073964,19
4712,1073984,19
4713,1074004,23
4714,1074028,34
4715,1074063,19
4716,1074083,31
4717,1074115,20
4718,1074136,19
4719,1074156,20
4720,1074177,20
4721,1074198,34
4722,1074233,19
4723,1074253,19
4724,1074273,20
4725,1074294,20
4726,1074315,19
4727,1074335,19
4728,1074355,19
4729,1074375,19
4730,1074395,29
4731,1074425,19
4732,1074445,19
4733,1074465,20
4734,1074486,24
4735,1074511,19
4736,1074531,20
4737,1074552,51
4738,1074604,19
4739,1074624,29
4740,1074654,30
4741,1074685,35
4742,1074721,20
4743,1074742,20
4744,1074763,20
4745,1074784,19
4746,1074804,19
4747,1074824,20
4748,1074845,20
4749,1074866,23
4750,1074890,23
4751,1074914,19
4752,1074934,20
4753,1074955,20
4754,1074976,19
4755,1074996,49
4756,1075046,19
4757,1075066,20
4758,1075087,22
4759,1075110,19
4760,1075130,19
4761,1075150,19
4762,1075170,20
4763,1075191,19
4764,1075211,19
4765,1075231,20
4766,1075252,19
4767,1075272,20
4768,1075293,20
4769,1075314,20
4770,1075335,20
4771,1075356,20
4772,1075377,19
4773,1075397,19
4774,1075417,20
4775,1075438,20
4776,1075459,20
4777,1075480,20
4778,1075501,20
4779,1075522,31
4780,1075554,20
4781,1075575,20
4782,1075596,20
4783,1075617,19
4784,1075637,20
4785,1075658,20
4786,1075679,22
4787,1075702,20
4788,1075723,20
4789,1075744,20
4790,1075765,43
4791,1075809,20
4792,1075830,22
4793,1075853,19
4794,1075873,19
4795,1075893,20
4796,1075914,19
4797,1075934,19
4798,1075954,20
4799,1075975,19
4800,1075995,19
4801,1076015,20
4802,1076036,19
4803,1076056,20
4804,1076077,21
4805,1076099,20
4806,1076120,20
4807,1076141,19
4808,1076161,19
4809,1076181,30
4810,1076212,20
4811,1076233,22
4812,1076256,19
4813,1076276,19
4814,1076296,19
4815,1076316,19
4816,1076336,20
4817,1076357,20
4818,1076378,20
4819,1076399,20
4820,1076420,112
4821,1076533,19
4822,1076553,19
4823,1076573,19
4824,1076593,19
4825,1076613,19
4826,1076633,21
4827,1076655,19
4828,1076675,20
4829,1076696,20
4830,1076717,20
4831,1076738,20
4832,1076759,20
4833,1076780,20
4834,1076801,20
4835,1076822,19
4836,1076842,19
4837,1076862,20
4838,1076883,20
4839,1076904,20
4840,1076925,19
4841,1076945,23
4842,1076969,19
4843,1076989,19
4844,1077009,19
4845,1077029,19
4846,1077049,21
4847,1077071,28
4848,1077100,19
4849,1077120,20
4850,1077141,34
4851,1077176,20
4852,1077197,19
4853,1077217,49
4854,1077267,20
4855,1077288,20
4856,1077309,20
4857,1077330,20
4858,1077351,20
4859,1077372,20
4860,1077393,20
4861,1077414,20
4862,1077435,23
4863,1077459,19
4864,1077479,20
4865,1077500,20
4866,1077521,20
4867,1077542,30
4868,1077573,20
4869,1077594,20
4870,1077615,20
4871,1077636,21
4872,1077658,19
4873,1077678,20
4874,1077699,24
4875,1077724,19
4876,1077744,19
4877,1077764,19
4878,1077784,20
4879,1077805,20
4880,1077826,20
4881,1077847,19
4882,1077867,19
4883,1077887,19
4884,1077907,32
4885,1077940,19
4886,1077960,19
4887,1077980,20
4888,1078001,20
4889,1078022,19
4890,1078042,20
4891,1078063,20
4892,1078084,19
4893,1078104,19
4894,1078124,20
4895,1078145,20
4896,1078166,20
4897,1078187,20
4898,1078208,20
4899,1078229,20
4900,1078250,20
4901,1078271,29
4902,1078301,19
4903,1078321,20
4904,1078342,20
4905,1078363,19
4906,1078383,20
4907,1078404,20
4908,1078425,20
4909,1078446,20
4910,1078467,19
4911,1078487,21
4912,1078509,20
4913,1078530,20
4914,1078551,19
4915,1078571,19
4916,1078591,20
4917,1078612,20
4918,1078633,19
4919,1078653,21
4920,1078675,19
4921,1078695,19
4922,1078715,21
4923,1078737,19
4924,1078757,22
4925,1078780,20
4926,1078801,20
4927,1078822,20
4928,1078843,35
4929,1078879,47
4930,1078927,33
4931,1078961,23
4932,1078985,24
4933,1079010,20
4934,1079031,20
4935,1079052,19
4936,1079072,32
4937,1079105,24
4938,1079130,20
4939,1079151,19
4940,1079171,19
4941,1079191,20
4942,1079212,19
4943,1079232,20
4944,1079253,20
4945,1079274,20
4946,1079295,20
4947,1079316,20
4948,1079337,19
4949,1079357,19
4950,1079377,20
4951,1079398,19
4952,1079418,20
4953,1079439,39
4954,1079479,20
4955,1079500,19
4956,1079520,21
4957,1079542,23
4958,1079566,19
4959,1079586,19
4960,1079606,20
4961,1079627,20
4962,1079648,20
4963,1079669,20
4964,1079690,20
4965,1079711,20
4966,1079732,20
4967,1079753,19
4968,1079773,19
4969,1079793,19
4970,1079813,19
4971,1079833,19
4972,1079853,20
4973,1079874,19
4974,1079894,19
4975,1079914,19
4976,1079934,30
4977,1079965,20
4978,1079986,20
4979,1080007,20
4980,1080028,19
4981,1080048,19
4982,1080068,19
4983,1080088,23
4984,1080112,20
4985,1080133,20
4986,1080154,20
4987,1080175,20
4988,1080196,32
4989,1080229,24
4990,1080254,20
4991,1080275,20
4992,1080296,24
4993,1080321,19
4994,1080341,19
4995,1080361,24
4996,1080386,23
4997,1080410,20
4998,1080431,19
4999,1080451,19
5000,1080471,19
5001,1080491,19
5002,1080511,24
5003,1080536,21
5004,1080558,19
5005,1080578,20
5006,1080599,31
5007,1080631,20
5008,1080652,20
5009,1080673,19
5010,1080693,19
5011,1080713,20
5012,1080734,19
5013,1080754,20
5014,1080775,20
5015,1080796,23
5016,1080820,20
5017,1080841,20
5018,1080862,32
5019,1080895,19
5020,1080915,23
5021,1080939,20
5022,1080960,20
5023,1080981,24
5024,1081006,22
5025,1081029,19
5026,1081049,23
5027,1081073,35
5028,1081109,22
5029,1081132,19
5030,1081152,19
5031,1081172,22
5032,1081195,20
5033,1081216,21
5034,1081238,19
5035,1081258,20
5036,1081279,20
5037,1081300,23
5038,1081324,23
5039,1081348,22
5040,1081371,19
5041,1081391,20
5042,1081412,19
5043,1081432,19
5044,1081452,19
5045,1081472,19
5046,1081492,22
5047,1081515,20
5048,1081536,20
5049,1081557,20
5050,1081578,19
5051,1081598,20
5052,1081619,31
5053,1081651,19
5054,1081671,19
5055,1081691,19
5056,1081711,19
5057,1081731,20
5058,1081752,20
5059,1081773,20
5060,1081794,20
5061,1081815,20
5062,1081836,20
5063,1081857,19
5064,1081877,24
5065,1081902,19
5066,1081922,19
5067,1081942,19
5068,1081962,20
5069,1081983,20
5070,1082004,19
5071,1082024,36
5072,1082061,19
5073,1082081,22
5074,1082104,19
5075,1082124,19
5076,1082144,20
5077,1082165,24
5078,1082190,20
5079,1082211,19
5080,1082231,20
5081,1082252,19
5082,1082272,19
5083,1082292,19
5084,1082312,19
5085,1082332,19
