1,836
2,234
3,572
4,688
5,766
6,856
7,950
8,986
9,997
10,1
11,84
12,123
13,186
14,195
15,256
16,271
17,344
18,346
19,372
20,442
21,484
22,522
23,544
24,685
25,760
26,767
27,772
28,801
29,857
30,858
31,927
32,928
33,30
34,52
35,74
36,78
37,99
38,171
39,173
40,179
41,189
42,197
43,206
44,207
45,225
46,329
47,330
48,334
49,339
50,411
51,413
52,420
53,423
54,441
55,455
56,494
57,497
58,518
59,520
60,549
61,552
62,558
63,569
64,662
65,663
66,666
67,689
68,704
69,781
70,816
71,823
72,827
73,845
74,847
75,863
76,866
77,878
78,891
79,911
80,912
81,932
82,935
83,946
84,954
85,984
86,11
87,12
88,16
89,17
90,19
91,25
92,29
93,35
94,37
95,41
96,42
97,43
98,47
99,53
100,58
101,69
102,70
103,101
104,103
105,112
106,115
107,121
108,131
109,137
110,140
111,142
112,154
113,156
114,167
115,168
116,170
117,176
118,183
119,184
120,187
121,188
122,191
123,202
124,203
125,212
126,216
127,220
128,222
129,227
130,230
131,245
132,251
133,257
134,262
135,273
136,277
137,282
138,283
139,286
140,287
141,289
142,294
143,295
144,304
145,307
146,338
147,345
148,347
149,354
150,360
151,369
152,370
153,377
154,397
155,409
156,418
157,421
158,427
159,433
160,435
161,439
162,443
163,453
164,462
165,464
166,467
167,496
168,498
169,501
170,503
171,504
172,505
173,511
174,517
175,519
176,536
177,540
178,553
179,563
180,567
181,588
182,595
183,600
184,606
185,610
186,632
187,634
188,635
189,636
190,644
191,645
192,649
193,658
194,670
195,675
196,678
197,679
198,694
199,712
200,713
201,717
202,720
203,725
204,728
205,729
206,739
207,740
208,743
209,753
210,764
211,790
212,802
213,806
214,820
215,825
216,829
217,830
218,844
219,846
220,867
221,869
222,881
223,887
224,907
225,923
226,924
227,951
228,955
229,959
230,961
231,964
232,965
233,973
234,974
235,996
236,999
237,198
238,673
239,82
240,89
241,126
242,129
243,243
244,463
245,625
246,692
247,693
248,782
249,994
250,9
251,50
252,73
253,174
254,193
255,232
256,374
257,643
258,711
259,808
260,809
261,811
262,34
263,40
264,44
265,45
266,56
267,79
268,177
269,252
270,288
271,434
272,527
273,566
274,618
275,627
276,695
277,696
278,710
279,747
280,757
281,759
282,780
283,796
284,804
285,812
286,815
287,841
288,875
289,893
290,902
291,905
292,933
293,960
294,971
295,992
296,993
297,2
298,7
299,8
300,51
301,57
302,72
303,80
304,87
305,90
306,94
307,102
308,104
309,105
310,116
311,120
312,128
313,133
314,135
315,139
316,165
317,175
318,182
319,185
320,205
321,213
322,214
323,215
324,219
325,228
326,233
327,246
328,260
329,261
330,265
331,272
332,274
333,280
334,284
335,293
336,312
337,314
338,317
339,324
340,342
341,364
342,365
343,381
344,390
345,393
346,432
347,436
348,454
349,465
350,466
351,469
352,470
353,474
354,486
355,490
356,495
357,513
358,516
359,529
360,535
361,542
362,554
363,565
364,571
365,623
366,638
367,651
368,655
369,665
370,699
371,700
372,709
373,730
374,741
375,763
376,773
377,797
378,799
379,818
380,826
381,828
382,838
383,850
384,855
385,859
386,892
387,894
388,926
389,952
390,953
391,958
392,970
393,972
394,975
395,987
396,991
397,14
398,749
399,66
400,715
401,33
402,163
403,172
404,860
405,297
406,357
407,391
408,415
409,748
410,877
411,899
412,77
413,141
414,204
415,296
416,356
417,452
418,499
419,530
420,546
421,599
422,608
423,671
424,708
425,719
426,783
427,813
428,861
429,947
430,5
431,13
432,32
433,36
434,95
435,164
436,237
437,244
438,337
439,379
440,406
441,481
442,592
443,598
444,624
445,650
446,698
447,707
448,716
449,746
450,792
451,794
452,798
453,814
454,886
455,896
456,917
457,919
458,925
459,939
460,978
461,981
462,982
463,229
464,779
465,147
466,247
467,683
468,752
469,803
470,921
471,200
472,146
473,250
474,279
475,545
476,601
477,677
478,680
479,793
480,916
481,199
482,561
483,612
484,637
485,674
486,676
487,681
488,791
489,901
490,31
491,60
492,76
493,315
494,333
495,547
496,633
497,682
498,705
499,755
500,768
501,895
502,918
503,920
504,226
505,235
506,311
507,336
508,652
509,686
510,703
511,929
512,92
513,97
514,224
515,290
516,313
517,316
518,362
519,395
520,416
521,428
522,431
523,512
524,672
525,714
526,795
527,879
528,883
529,270
530,727
531,967
532,61
533,75
534,83
535,157
536,221
537,267
538,456
539,560
540,639
541,640
542,657
543,667
544,722
545,775
546,822
547,840
548,865
549,941
550,39
551,55
552,71
553,118
554,151
555,160
556,303
557,319
558,327
559,352
560,366
561,371
562,401
563,407
564,425
565,446
566,472
567,489
568,491
569,507
570,508
571,514
572,525
573,531
574,548
575,550
576,574
577,581
578,585
579,613
580,614
581,626
582,653
583,660
584,690
585,721
586,726
587,758
588,761
589,777
590,805
591,848
592,862
593,884
594,903
595,942
596,957
597,210
598,100
599,968
600,904
601,49
602,117
603,196
604,318
605,375
606,810
607,4
608,10
609,24
610,28
611,46
612,64
613,86
614,96
615,109
616,113
617,119
618,124
619,125
620,130
621,132
622,149
623,190
624,209
625,241
626,300
627,301
628,306
629,321
630,343
631,367
632,380
633,382
634,385
635,399
636,410
637,449
638,476
639,479
640,482
641,506
642,538
643,556
644,575
645,583
646,593
647,594
648,597
649,605
650,631
651,656
652,701
653,723
654,785
655,800
656,807
657,876
658,900
659,922
660,956
661,977
662,979
663,985
664,1000
665,231
666,326
667,384
668,528
669,629
670,976
671,114
672,201
673,259
674,281
675,534
676,731
677,931
678,85
679,107
680,143
681,155
682,192
683,223
684,249
685,302
686,349
687,355
688,448
689,458
690,488
691,526
692,646
693,661
694,697
695,756
696,770
697,778
698,787
699,874
700,930
701,936
702,962
703,969
704,702
705,363
706,523
707,786
708,990
709,54
710,88
711,158
712,236
713,238
714,459
715,584
716,616
717,617
718,622
719,839
720,889
721,934
722,980
723,91
724,108
725,122
726,248
727,268
728,322
729,325
730,351
731,387
732,408
733,417
734,424
735,440
736,460
737,473
738,485
739,521
740,564
741,582
742,596
743,602
744,669
745,691
746,734
747,742
748,843
749,851
750,885
751,888
752,897
753,910
754,913
755,989
756,194
757,447
758,38
759,138
760,278
761,628
762,292
763,335
764,386
765,475
766,562
767,573
768,580
769,659
770,762
771,788
772,872
773,48
774,59
775,62
776,65
777,144
778,211
779,253
780,266
781,310
782,383
783,430
784,457
785,468
786,477
787,478
788,492
789,500
790,579
791,604
792,611
793,641
794,642
795,647
796,654
797,687
798,733
799,735
800,736
801,769
802,784
803,789
804,842
805,943
806,275
807,706
808,328
809,340
810,570
811,821
812,258
813,568
814,765
815,15
816,145
817,218
818,269
819,348
820,532
821,555
822,589
823,621
824,724
825,948
826,480
827,162
828,239
829,309
830,576
831,738
832,909
833,963
834,966
835,551
836,68
837,819
838,23
839,169
840,361
841,404
842,419
843,557
844,620
845,718
846,771
847,824
848,873
849,373
850,944
851,106
852,988
853,27
854,63
855,291
856,541
857,915
858,937
859,358
860,493
861,422
862,940
863,332
864,603
865,22
866,161
867,178
868,483
869,664
870,668
871,152
872,276
873,341
874,388
875,591
876,754
877,945
878,998
879,255
880,426
881,515
882,18
883,148
884,166
885,774
886,882
887,949
888,217
889,308
890,378
891,81
892,150
893,240
894,263
895,299
896,305
897,414
898,438
899,510
900,524
901,559
902,750
903,880
904,906
905,110
906,20
907,127
908,539
909,577
910,578
911,630
912,852
913,938
914,619
915,264
916,93
917,98
918,208
919,331
920,359
921,368
922,400
923,403
924,445
925,450
926,487
927,543
928,586
929,609
930,615
931,648
932,751
933,776
934,837
935,864
936,868
937,870
938,871
939,898
940,908
941,285
942,833
943,444
944,26
945,402
946,732
947,350
948,831
949,181
950,320
951,835
952,389
953,587
954,607
955,854
956,6
957,159
958,323
959,398
960,429
961,451
962,533
963,537
964,590
965,684
966,745
967,983
968,111
969,136
970,254
971,853
972,744
973,817
974,134
975,392
976,394
977,376
978,914
979,412
980,461
981,3
982,180
983,21
984,353
985,242
986,298
987,502
988,437
989,737
990,849
991,890
992,67
993,153
994,509
995,834
996,396
997,832
998,405
999,1153
1000,1155
1001,1066
1002,1286
1003,1336
1004,1001
1005,1074
1006,1204
1007,1305
1008,1325
1009,1062
1010,1092
1011,1104
1012,1106
1013,1142
1014,1151
1015,1154
1016,1163
1017,1170
1018,1188
1019,1211
1020,1212
1021,1229
1022,1231
1023,1243
1024,1246
1025,1287
1026,1288
1027,1303
1028,1342
1029,1350
1030,1351
1031,1353
1032,1380
1033,1313
1034,1143
1035,1157
1036,1158
1037,1290
1038,1318
1039,1354
1040,1218
1041,1395
1042,1002
1043,1004
1044,1095
1045,1213
1046,1230
1047,1269
1048,1270
1049,1274
1050,1296
1051,1297
1052,1306
1053,1319
1054,1338
1055,1341
1056,1349
1057,1378
1058,1156
1059,1162
1060,1364
1061,1094
1062,1166
1063,1199
1064,1323
1065,1352
1066,1367
1067,1039
1068,1065
1069,1075
1070,1082
1071,1083
1072,1091
1073,1098
1074,1100
1075,1130
1076,1144
1077,1159
1078,1164
1079,1165
1080,1173
1081,1192
1082,1194
1083,1225
1084,1247
1085,1320
1086,1377
1087,1381
1088,1387
1089,1019
1090,1047
1091,1056
1092,1063
1093,1068
1094,1072
1095,1078
1096,1081
1097,1093
1098,1097
1099,1114
1100,1116
1101,1119
1102,1145
1103,1146
1104,1161
1105,1171
1106,1172
1107,1177
1108,1190
1109,1191
1110,1205
1111,1220
1112,1222
1113,1227
1114,1239
1115,1249
1116,1252
1117,1253
1118,1257
1119,1271
1120,1272
1121,1277
1122,1309
1123,1317
1124,1326
1125,1333
1126,1335
1127,1337
1128,1343
1129,1371
1130,1373
1131,1383
1132,1393
1133,1400
1134,1292
1135,1064
1136,1003
1137,1223
1138,1005
1139,1006
1140,1007
1141,1008
1142,1009
1143,1010
1144,1011
1145,1107
1146,1167
1147,1017
1148,1032
1149,1193
1150,1331
1151,1356
1152,1024
1153,1052
1154,1113
1155,1203
1156,1244
1157,1289
1158,1321
1159,1242
1160,1322
1161,1392
1162,1071
1163,1268
1164,1030
1165,1035
1166,1051
1167,1067
1168,1070
1169,1117
1170,1118
1171,1264
1172,1300
1173,1398
1174,1013
1175,1014
1176,1031
1177,1069
1178,1105
1179,1129
1180,1357
1181,1358
1182,1379
1183,1386
1184,1248
1185,1339
1186,1363
1187,1262
1188,1057
1189,1089
1190,1108
1191,1132
1192,1147
1193,1181
1194,1206
1195,1207
1196,1235
1197,1240
1198,1245
1199,1263
1200,1282
1201,1327
1202,1366
1203,1391
1204,1347
1205,1307
1206,1115
1207,1077
1208,1250
1209,1186
1210,1040
1211,1179
1212,1285
1213,1291
1214,1304
1215,1110
1216,1127
1217,1136
1218,1184
1219,1201
1220,1208
1221,1217
1222,1228
1223,1259
1224,1265
1225,1284
1226,1324
1227,1332
1228,1334
1229,1344
1230,1345
1231,1355
1232,1198
1233,1224
1234,1234
1235,1281
1236,1394
1237,1183
1238,1241
1239,1302
1240,1311
1241,1202
1242,1308
1243,1038
1244,1041
1245,1310
1246,1112
1247,1301
1248,1054
1249,1099
1250,1152
1251,1232
1252,1258
1253,1278
1254,1295
1255,1018
1256,1025
1257,1088
1258,1109
1259,1128
1260,1134
1261,1160
1262,1214
1263,1216
1264,1219
1265,1233
1266,1251
1267,1267
1268,1279
1269,1314
1270,1388
1271,1375
1272,1028
1273,1080
1274,1180
1275,1236
1276,1316
1277,1370
1278,1053
1279,1140
1280,1348
1281,1020
1282,1021
1283,1101
1284,1121
1285,1176
1286,1359
1287,1012
1288,1015
1289,1022
1290,1027
1291,1096
1292,1102
1293,1122
1294,1125
1295,1200
1296,1237
1297,1182
1298,1276
1299,1328
1300,1397
1301,1059
1302,1060
1303,1061
1304,1085
1305,1137
1306,1221
1307,1255
1308,1315
1309,1330
1310,1365
1311,1390
1312,1058
1313,1131
1314,1187
1315,1261
1316,1150
1317,1168
1318,1195
1319,1372
1320,1385
1321,1185
1322,1226
1323,1254
1324,1374
1325,1076
1326,1210
1327,1280
1328,1312
1329,1256
1330,1149
1331,1273
1332,1215
1333,1294
1334,1369
1335,1382
1336,1399
1337,1046
1338,1055
1339,1209
1340,1362
1341,1090
1342,1189
1343,1196
1344,1329
1345,1360
1346,1023
1347,1026
1348,1029
1349,1034
1350,1042
1351,1045
1352,1048
1353,1049
1354,1050
1355,1111
1356,1133
1357,1178
1358,1197
1359,1260
1360,1299
1361,1340
1362,1376
1363,1384
1364,1396
1365,1033
1366,1139
1367,1298
1368,1175
1369,1238
1370,1361
1371,1135
1372,1138
1373,1126
1374,1293
1375,1368
1376,1123
1377,1283
1378,1124
1379,1103
1380,1043
1381,1169
1382,1037
1383,1174
1384,1346
1385,1084
1386,1087
1387,1044
1388,1073
1389,1086
1390,1148
1391,1079
1392,1389
1393,1036
1394,1141
1395,1266
1396,1016
1397,1275
1398,1120
